0.0746471504
0.671824354
1.86617876
3.65771037
6.04641918
9.0323052
12.6153684
16.7956088
21.5730265
26.9476213
32.9193933
39.4883426
46.654469
54.4177727
62.7782535
71.7359115
81.2907468
91.4427593
102.191949
113.538316
125.48186
138.022581
151.16048
164.895555
179.227808
194.157238
209.683846
225.80763
242.528592
259.846731
277.762047
296.27454
315.384211
335.091058
355.395083
376.296285
397.794665
419.890221
442.582955
465.872866
489.759954
514.244219
539.325662
565.004281
591.280078
618.153053
645.623204
673.690532
702.355038
731.616721
761.475581
791.931619
822.984833
854.635225
886.882794
919.72754
953.169464
987.208564
1021.84484
1057.0783
1092.90893
1129.33674
1166.36173
1203.98389
1242.20323
1281.01975
1320.43344
1360.44432
1401.05237
1442.25759
1484.06
1526.45958
1569.45634
1613.05027
1657.24139
1702.02968
1747.41514
1793.39779
1839.97761
1887.15461
1934.92879
1983.30014
2032.26867
2081.83438
2132.00416
2183.77803
2237.15698
2292.141
2348.7301
2406.92428
2466.72353
2528.12786
2591.13726
2655.75173
2721.97128
2789.7959
2859.22559
2930.26036
3002.9002
3077.14512