135.98157989039174 166.72520341770945 163.93385662270197 164.9840503504651 165.1145415727047 
104.90847969467742 143.2648071499954 137.20291029299182 139.388086983232 139.66692949911112 
93.82871581899062 125.63983604901347 119.07197822625011 121.3381040088664 121.6336527268555 
87.12757066016201 112.7269055266437 106.62856192580556 108.66903308970322 108.9374057543585 
82.07265053749991 102.86786439670131 97.40443505705585 99.20353291659448 99.43857379030639 
77.84900886634459 94.92518827086846 90.0564307776333 91.6629988651595 91.8673723930107 
74.1234032464858 88.21264552176562 83.87327410362704 85.34295032875717 85.52010567107074 
70.72907594501756 82.31611620149718 78.45882872313548 79.84255144673399 79.99500378316199 
67.57120323016866 76.9767839173265 73.57866255034122 74.92243537546146 75.05129700392811 
64.59033601478706 72.02589661804049 69.08659640720515 70.43283451371488 70.53753793765449 
61.74780893478382 67.3496481255662 64.88722275844295 66.27602131135977 66.35544533680884 
59.01702766651598 62.86774027918604 60.91628447762718 62.386811436301606 62.43810953889797 
56.379741523885826 58.522023797717445 57.129204988269954 58.71916979533632 58.73864402375541 
53.822757793306394 54.26930551599463 53.49378534933517 55.240518958535546 55.22374826073188 
51.33652689511878 50.076530323183924 49.98717746204671 51.927163695500006 51.867634932460696 
48.913948341949066 45.917533713295484 46.59143164569697 48.76003991627781 48.65097331730198 
46.55023299652087 41.772210646399934 43.29306886556898 45.72406199370549 45.55719191149962 
44.24159877305607 37.62361600780874 40.08142985059339 42.80596651329993 42.57151953561521 
41.985622156544565 33.45910969468382 36.947859289787566 39.99321372028598 39.68031389682208 
39.78048752531328 29.268525923974043 33.88451645186897 37.27334776736821 36.869725746862436 
37.62471066934208 25.043355779387575 30.883652953541056 34.63271984531402 34.12485854561625 
35.517774547639725 20.77826282042252 27.938282143690152 32.05722181345554 31.43033402956346 
33.45955424345897 16.471010099254347 25.041775250604047 29.531433786423733 28.769612354788485 
31.44985476379155 12.11997232704022 22.18604351138077 27.038179855500207 26.124332136946226 
29.489044014318942 7.726832655621249 19.363409283294892 24.55953322398457 23.475827566567766 
27.577847081215182 3.295798346278184 16.56616900107699 22.077336654236394 20.805124210233885 
25.716932068065784 -1.1664100140529388 13.786839209916575 19.573363630564387 18.093316564768912 
23.90726608863245 -5.65110522457276 11.01848372863035 17.030715187202656 15.322989218365521 
22.150217606159046 -10.146902699593843 8.256894655154031 14.4359843634448 12.480012521426408 
20.447344939520722 -14.640037310486438 5.501067557205411 11.779766161446961 9.554586939939357 
18.800249514217683 -19.11453272240144 2.7545062417273876 9.0582650160264 6.541863078484014 
17.210761172224416 -23.553243933598843 0.027848674250086133 6.276473329855593 3.4460090018337297 
15.681234139539889 -27.937977561228873 -2.6595727473016786 3.4488799796428844 0.28040513063031236 
14.213479365958195 -32.247165929325824 -5.278549517130382 0.5998552367544778 -2.932273821323006 
12.810298056705493 -36.45900966243168 -7.787949832053223 -2.2332330872818575 -6.156039681362599 
11.474428029386315 -40.55123017608534 -10.136298045713264 -5.0022837491159775 -9.34419341041615 
10.208391880400729 -44.49585915981083 -12.26297189833484 -7.65077511750512 -12.440952982699907 
9.01493368779456 -48.26236512670461 -14.102460881945431 -10.115283573425515 -15.381977789182109 
7.897101159217686 -51.81676299307574 -15.595620797280922 -12.334817657817569 -18.103103596925443 
6.857166380317533 -55.11266869017463 -16.694146933749423 -14.254301185499802 -20.54196983545409 
5.897496694648414 -58.093967034424985 -17.376895426451036 -15.83530700667705 -22.64778485932592 
5.019726090682727 -60.68762599837267 -17.656163453811065 -17.060362890079677 -24.386955930031704 
4.224655469787808 -62.79179361482932 -17.570213888392743 -17.927131271014467 -25.736111260463137 
3.512663121910687 -64.2733164825443 -17.178884316124172 -18.447164614848386 -26.686041276238196 
2.8827301911312078 -64.95041128218527 -16.533894885431575 -18.626051851478277 -27.221763192779402 
2.332776429824281 -64.5791365754078 -15.664790852281978 -18.453781333085082 -27.311036670326388 
1.8597465886848943 -62.85251212303343 -14.576094172930365 -17.90505161019971 -26.901601079232808 
1.459154706776612 -59.420842078111946 -13.262295076317981 -16.951168044947174 -25.92685279849326 
1.1256982008400258 -53.99976273042627 -11.735519710719831 -15.586277581829732 -24.333078577138764 
0.8531020940629098 -46.603850033893806 -10.049578868238333 -13.858254074682721 -22.125325391491174 
0.6344824839726843 -37.83026940207722 -8.29745830818655 -11.872344888768103 -19.393707026457918 
0.46270922629271105 -28.844107246883986 -6.594031020117531 -9.781286890475187 -16.328599172154565 
0.3305445142540341 -20.82929100412678 -5.044306512174844 -7.7488807680815945 -13.186189619843361 
0.23112396916904038 -14.432197898732746 -3.718625057373534 -5.908918332429203 -10.218032920505767 
0.15804733676603952 -9.7020763725935 -2.647021944632303 -4.346778618029638 -7.616359003770356 
0.10558919979778493 -6.3706924444575925 -1.8225724389535927 -3.0913330688282925 -5.476682218992432 
0.06887996036746226 -4.0998137573201054 -1.2162752209782057 -2.1304466150023837 -3.811258237059262 
0.04382978925663227 -2.587472196620493 -0.7877124562155795 -1.4252732118725298 -2.573239004128491 
0.02718019237211001 -1.600522150298528 -0.4955429055400189 -0.9266720509524057 -1.6883990652856442 
0.016418449762897972 -0.9694856705063121 -0.30310794581230044 -0.586166001638311 -1.0780412583370593 
0.009648698636944836 -0.5740281131275539 -0.18022482748357374 -0.3606955923918002 -0.6698759175563435 
0.005512300965896872 -0.33173158430323146 -0.10416347618786972 -0.21589173975589968 -0.4050435056581163 
0.0030596071614802556 -0.1868660494825729 -0.058508635709845394 -0.12566089892626828 -0.23824821858695536 
0.001647610947340538 -0.10240286351763594 -0.03190306472957619 -0.07104415330078376 -0.1361641129334379 
0.0008603520297581552 -0.054530688335766415 -0.016879398449012276 -0.03899004928511751 -0.0755587263242295 
0.0004353067246067119 -0.028183026256134305 -0.008658838156161744 -0.020754591473617592 -0.04067330467466689 
0.00021307453444357677 -0.01411016174659019 -0.004299870458185804 -0.010698139555224594 -0.021203661935104656 
0.00010084930803007302 -0.006837491900748876 -0.00206577239708174 -0.005335905506698484 -0.010696129526197152 
4.611475089927065e-05 -0.0032034214004466044 -0.0009592583940641805 -0.002572816450023085 -0.0052159748883183355 
2.033911421731364e-05 -0.001448448620123574 -0.00042982109256102416 -0.0011971843435583994 -0.0024545925255508817 
8.647934045517245e-06 -0.0006315968061924834 -0.00018571883413524018 -0.000537199314024516 -0.001113777363864519 
3.5415408403091977e-06 -0.0002653383743576178 -7.731076657985637e-05 -0.0002322460834621649 -0.00048686930989450943 
1.394645964278716e-06 -0.00010721107415710313 -3.095375485536463e-05 -9.657332477318886e-05 -0.00020467735784483385 
5.277350734425166e-07 -4.162727952197688e-05 -1.1910400760612485e-05 -3.8588965680032884e-05 -8.267084139152602e-05 
1.9174128436418882e-07 -1.5519662869741842e-05 -4.400937512311892e-06 -1.4806408706907358e-05 -3.2058873760162304e-05 
6.67798411812842e-08 -5.546634885979528e-06 -1.5590066422858922e-06 -5.4465047613736975e-06 -1.1916985125829497e-05 
2.2270433883760917e-08 -1.8979806032861044e-06 -5.28847350335836e-07 -1.918244163049834e-06 -4.2405504685567565e-06 
7.107333140250387e-09 -6.214153575377317e-07 -1.7167765449009628e-07 -6.464094321347319e-07 -1.4434998832728305e-06 
2.167523708686043e-09 -1.9441020560234533e-07 -5.3260005958799884e-08 -2.0815384817674635e-07 -4.6947544102644985e-07 
6.305550815697562e-10 -5.801230277636755e-08 -1.5762039440331065e-08 -6.393825093001479e-08 -1.4562720756610374e-07 
1.7486041497917184e-10 -1.6498609678348657e-08 -4.446558579197447e-09 -1.8717792079712917e-08 -4.304373940159384e-08 
4.619525558815112e-11 -4.46897239781896e-09 -1.1949588159655865e-09 -5.218591548389029e-09 -1.211424608783512e-08 
1.1606348019948444e-11 -1.1510111818311434e-09 -3.053938113093656e-10 -1.3834281869252e-09 -3.2412695266188232e-09 
2.7692143380153365e-12 -2.8147693453459333e-10 -7.411870402485671e-11 -3.482281758508394e-10 -8.233170216836637e-10 
6.265689551619177e-13 -6.526636592731828e-11 -1.7058592814163638e-11 -8.31130400791352e-11 -1.982675848577744e-10 
1.3427780063564832e-13 -1.4330740082603016e-11 -3.7184651112558986e-12 -1.878439701534907e-11 -4.5204944824195034e-11 
2.723123099266359e-14 -2.976982547553893e-12 -7.669777525831101e-13 -4.016348735769312e-12 -9.748913834352939e-12 
5.22016384733298e-15 -5.844329585777723e-13 -1.4952875581048831e-13 -8.115043220583218e-13 -1.986456300662065e-12 
9.444261879060933e-16 -1.0825922294204487e-13 -2.7511127568767103e-14 -1.5470394305086302e-13 -3.81840968732289e-13 
1.6106306661460903e-16 -1.8899031046037346e-14 -4.770894747555598e-15 -2.779263510226024e-14 -6.915751124285639e-14 
2.5860532757132037e-17 -3.105479432667574e-15 -7.788896812356948e-16 -4.699424313413811e-15 -1.1787289528959658e-14 
3.903618958485817e-18 -4.796300310085827e-16 -1.19537613066702e-16 -7.468115623370295e-16 -1.8878735678394273e-15 
5.531444093676118e-19 -6.952207049604581e-17 -1.722020847273943e-17 -1.1137460643112565e-16 -2.8371030242217046e-16 
7.340821123451319e-20 -9.436401609134826e-18 -2.323237919410976e-18 -1.555348440218818e-17 -3.992014446965173e-17 
9.119520772635883e-21 -1.1987326944970144e-18 -2.9338312110188223e-19 -2.0327074952591487e-18 -5.2559653047476756e-18 
1.0603986053583893e-21 -1.4248872050666989e-19 -3.4672784417720896e-20 -2.4853581139889805e-19 -6.473106799394526e-19 
1.1493469182849544e-22 -1.578563901756866e-20 -3.819585806823697e-21 -2.8322457256864336e-20 -7.429389539830703e-20 
1.1615562595226401e-23 -1.6302231319443802e-21 -3.9228881627563494e-22 -3.0083159602653392e-21 -7.94659968722772e-21 
1.093026008383642e-24 -1.5672487158693375e-22 -3.7510655695548245e-23 -2.9742622922502076e-22 -7.910730009246008e-22 
9.552437813411365e-26 -1.3990720164457302e-23 -3.3309418133689855e-24 -2.7303290988993844e-23 -7.31101987904169e-23 
