-0.0042621378091975744 -0.004386929671639971 -0.004296595896186113 -0.004248225425527439 -0.0042489637013951006 
-0.10810155248959744 -0.1114272281902601 -0.10903109129139173 -0.10773749989084179 -0.10775862586335758 
-0.4456258594915192 -0.4606868288311797 -0.44994359762144465 -0.4440856392028921 -0.44419440036754987 
-1.0464733097097194 -1.0867414826991548 -1.058479204462342 -1.0429830414767338 -1.0433278943984396 
-1.8553530682187431 -1.9387324396232322 -1.881556721230313 -1.8503425062955132 -1.851204161960182 
-2.7862085251586044 -2.9348784410535647 -2.8359880520564573 -2.7830357745542433 -2.7848762627992887 
-3.7603356128364567 -4.000820950133108 -3.846893146282249 -3.7672702838836147 -3.770820183431648 
-4.720271103593778 -5.083478778164394 -4.861477234228837 -4.752628831754287 -4.758911119928779 
-5.629466487841745 -6.150772746283168 -5.848981212485294 -5.711592553340546 -5.721967892755995 
-6.46732049477042 -7.186681696017405 -6.795456966603679 -6.634209056899642 -6.6505502208728124 
-7.223847869905099 -8.185711602051226 -7.69839065293943 -7.522539433320361 -7.547023697552463 
-7.895508882861866 -9.148809128018005 -8.562419507851867 -8.385683164137182 -8.420996080739172 
-8.482602491085593 -10.080497449667961 -9.396371975824783 -9.23662247983971 -9.285863146052703 
-8.987258775598693 -10.987005385946976 -10.211181152273644 -10.089460049604801 -10.156164605942966 
-9.412395997514187 -11.875068755619587 -11.018532818423509 -10.957821152421518 -11.045826694624022 
-9.761159805585299 -12.751140139655211 -11.8299320662457 -11.853601964881147 -11.967048341253786 
-10.03648268894979 -13.62096115528961 -12.656009140809687 -12.78585329241417 -12.929174921425515 
-10.240995175824892 -14.48915319750809 -13.506131528062344 -13.760264448038907 -13.937985990580657 
-10.376861853685119 -15.359149770246423 -14.388092407399865 -14.778757665990714 -14.995625453181615 
-10.446231258660653 -16.233010823388685 -15.307688497322975 -15.839094895028923 -16.099825697460435 
-10.45052025034234 -17.111068909700858 -16.268666884157714 -16.93452261567262 -17.243853015462832 
-10.39125460577028 -17.99197763920591 -17.27233414152618 -18.053698885322046 -18.416334335834012 
-10.269997997761319 -18.872638187912198 -18.317515454467518 -19.180291629325495 -19.600717123943465 
-10.088224151568097 -19.747881664942987 -19.400278967997405 -20.292664916532395 -20.77525961484026 
-9.848033184082139 -20.610522744493768 -20.514036533931865 -21.36388002802287 -21.912580222926664 
-9.55191498269852 -21.451402844995233 -21.64896537466377 -22.36079226645376 -22.978877718722444 
-9.202897503990615 -22.25860641076609 -22.79174189306902 -23.24312554682635 -23.9332945905495 
-8.804702731496986 -23.01792972115429 -23.92534976835632 -23.96332786551035 -24.726914646107986 
-8.362208608539987 -23.712895763392353 -25.02894020133658 -24.466426162710324 -25.30291294884198 
-7.880998126599413 -24.32440845887975 -26.07707445893273 -24.68886319379983 -25.595087530872497 
-7.367436613899803 -24.830769864435265 -27.038930119553836 -24.559803664774932 -25.528315126200575 
-6.828947866500634 -25.208136365655612 -27.87875226647749 -24.004110305122666 -25.02188306263184 
-6.27352870408127 -25.431514335533365 -28.55571041637324 -22.948862656118575 -23.99504951190625 
-5.709360777187407 -25.473929621480956 -29.022298708738838 -21.33335336991182 -22.377609392546375 
-5.145168099618205 -25.30920969275433 -29.227592467950018 -19.1291928167674 -20.130670710122523 
-4.58950001985976 -24.91391115362509 -29.119694279407078 -16.362869468303032 -17.272907826252542 
-4.050141330111224 -24.267550370211673 -28.647176447626034 -13.134917215091752 -13.903647910207846 
-3.5345216723526383 -23.357957653723762 -27.770145761752453 -9.62971107761662 -10.216467228812242 
-3.0490606012455572 -22.184605360131297 -26.469105736227082 -6.0929638370080275 -6.477023992070323 
-2.5987177232925984 -20.759632631958485 -24.753267761613277 -2.782720945591004 -2.9683484409805603 
-2.187407010439887 -19.112783661738856 -22.6736068281818 0.08445194092771756 0.07143277081248328 
-1.817464385417261 -17.290213763017285 -20.321449933514025 2.374691066002091 2.4961966690122845 
-1.4897995287173829 -15.351420301788904 -17.81820139962771 4.041740280643168 4.257092643399346 
-1.2042935924517093 -13.367126909718655 -15.298515636996596 5.113847177026906 5.386552081049505 
-0.9594320871425311 -11.408667489118601 -12.881261602142933 5.668035711132798 5.968694775290648 
-0.7528874216329032 -9.541593668604397 -10.654927921892822 5.802724084088055 6.10922648079395 
-0.5816287197721611 -7.820012472149868 -8.669990326384873 5.623795630809549 5.920562041194349 
-0.4420286843369856 -6.280771880041349 -6.943948844632301 5.227576519367552 5.504094558100051 
-0.33029226768674225 -4.944296416529459 -5.4729571692336885 4.696177602566781 4.945885359515805 
-0.24248063284743843 -3.8152298051782974 -4.241172341717533 4.096533206797326 4.315922002196744 
-0.1747666604440881 -2.8855673759443636 -3.227599936717917 3.478066695855491 3.6659001014287553 
-0.1235859139826491 -2.138914768692413 -2.409442040964672 2.877734045233868 3.034568833213073 
-0.08566420930493593 -1.5532256918711593 -1.7625228696191713 2.321194927574649 2.448933301015595 
-0.058165443148426824 -1.1045454104164067 -1.2623248366753164 1.8246853362714204 1.9260939752998378 
-0.03865708315097249 -0.768785489802134 -0.8845358715512702 1.3974432790192723 1.4758824359318141 
-0.025120721426148632 -0.5232845849872979 -0.605874754175178 1.041926626596008 1.1009910119387605 
-0.015953684175493924 -0.34812457225650945 -0.4054379746089539 0.7558336014198401 0.7990930382950061 
-0.009891098138314307 -0.2261379031577586 -0.2648116275164551 0.5331056122793367 0.5638974783342502 
-0.005980699098929056 -0.14329219583651837 -0.16865668360633054 0.36527596714396576 0.386557051811953 
-0.0035253622803719563 -0.08851477349005579 -0.10468215049278408 0.24302356999433652 0.2572975068027523 
-0.0020229557836426246 -0.05323392761846688 -0.06324065955377021 0.1568561720042511 0.16613689347628552 
-0.0011291718375936416 -0.031141513272473022 -0.037152208285934865 0.09814070991574007 0.10398680378100413 
-0.0006127482733374376 -0.017707666705240203 -0.021209712539070783 0.05949772229730385 0.0630638810392326 
-0.0003227455945932283 -0.009772647667873864 -0.011749458364018955 0.03491149361112612 0.03701584131613065 
-0.00016492203010735036 -0.00523120370696935 -0.006311726128704742 0.019816006318382574 0.02101649884516072 
-8.16995612402008e-05 -0.002713793245822023 -0.003285288587693695 0.010874601792312217 0.011536449476417758 
-3.916669817958415e-05 -0.0013621494824055183 -0.001654238840076082 0.005761800803848405 0.006113976717538382 
-1.8162854172629898e-05 -0.000661136859664788 -0.0008053051565981998 0.0029459761730002885 0.003126726698084183 
-8.140719427503053e-06 -0.00031002508750755926 -0.0003786990412066442 0.0014526395906886579 0.0015420886233479527 
-3.520218176289765e-06 -0.00014022214171267424 -0.00017174130680360685 0.0006897244588238952 0.000732336447994853 
-1.4678727522618378e-06 -6.11334950270624e-05 -7.506446651927038e-05 0.000315159210799186 0.0003346892335265066 
-5.897559856476686e-07 -2.5669533175587032e-05 -3.1594567781685155e-05 0.00013850018908152974 0.00014710766681078167 
-2.2789555325434974e-07 -1.0363387833571201e-05 -1.278446956168054e-05 5.8444207052116776e-05 6.208593886796896e-05 
-8.463879421209198e-08 -4.01963131606908e-06 -4.969367440324738e-06 2.3661621766225812e-05 2.51397541811813e-05 
-3.0191645848646485e-08 -1.496788516003075e-06 -1.8542095043233243e-06 9.186153043520676e-06 9.76134629853064e-06 
-1.0326124026453536e-08 -5.342154812967412e-07 -6.630634709926642e-07 3.414712597809765e-06 3.6289960534778505e-06 
-3.3822553719195674e-09 -1.825303477679726e-07 -2.269724744382544e-07 1.2138196095743457e-06 1.2901549045383083e-06 
-1.060383958039527e-09 -5.966921574109453e-08 -7.432623804553978e-08 4.123703056432849e-07 4.383527774692542e-07 
-3.1776831115432475e-10 -1.863733829321627e-08 -2.3253811453018602e-08 1.3373860562357343e-07 1.4218072874923393e-07 
-9.085409369540374e-11 -5.552125993344069e-09 -6.93834112715405e-09 4.133505680150221e-08 4.3949074224048985e-08 
-2.476558341889384e-11 -1.576330378206443e-09 -1.9728486257271644e-09 1.2164770090685057e-08 1.293531021643971e-08 
-6.432287816439974e-12 -4.2624645659213e-10 -5.342262532392581e-10 3.406637138815193e-09 3.622761731182919e-09 
-1.5891263034516573e-12 -1.0959189010789123e-10 -1.3754036252126437e-10 9.063989992763875e-10 9.639910216007652e-10 
-3.729059167781099e-13 -2.6753922984083123e-11 -3.362013637051769e-11 2.288278694837247e-10 2.433883055538834e-10 
-8.299679204850868e-14 -6.192716070208914e-12 -7.791661342426461e-12 5.474004045926443e-11 5.822807328985764e-11 
-1.749895760247512e-14 -1.3574065760313694e-12 -1.7098960134143273e-12 1.2392246558311902e-11 1.3182850430491434e-11 
-3.491832660819719e-15 -2.8149684811883247e-13 -3.5499297401519366e-13 2.6524115245054996e-12 2.8218370836826604e-12 
-6.587478539185876e-16 -5.516897088618775e-14 -6.964739505874774e-14 5.36185496516115e-13 5.704778416022647e-13 
-1.1730460631378888e-16 -1.0202287277849368e-14 -1.2892935421150182e-14 1.0221453880819931e-13 1.0875946937881955e-13 
-1.9693267732848584e-17 -1.7780910047349403e-15 -2.2492163058797457e-15 1.8353458360963863e-14 1.9529889236939568e-14 
-3.113141026104629e-18 -2.9169933364013786e-16 -3.693311623676324e-16 3.1003531744803917e-15 3.299279592674113e-15 
-4.627338102633396e-19 -4.497962798198185e-17 -5.700092524083225e-17 4.920004957174318e-16 5.236010124256293e-16 
-6.45745347725831e-20 -6.509526711023448e-18 -8.256291299101574e-18 7.324122073129041e-17 7.794943045457579e-17 
-8.440743326792553e-21 -8.821832740514223e-19 -1.119817486649426e-18 1.0205725745540704e-17 1.0862375662865679e-17 
-1.0329576553699728e-21 -1.1189517517201667e-19 -1.4214833885393762e-19 1.3303935293076798e-18 1.4160740006673323e-18 
-1.183350413386698e-22 -1.3280733919005795e-20 -1.6884032347090185e-20 1.6219596164758864e-19 1.7265048220643026e-19 
-1.2637990965766535e-23 -1.4691556811129077e-21 -1.8690943075911836e-21 1.842409878995476e-20 1.961257960869305e-20 
-1.2586523629556896e-24 -1.5150571615836384e-22 -1.9288111404529078e-22 1.950079109441022e-21 2.0759708633810447e-21 
-1.1673147499667554e-25 -1.4544831877487836e-23 -1.8529126016205495e-23 1.9206961543854007e-22 2.044785377740529e-22 
-1.0055752046087565e-26 -1.296617432649489e-24 -1.6528418363745304e-24 1.7560124803526647e-23 1.8695427227336e-23 
