0.1259934521921369 
0.03826212223067367 
0.1114724739460645 
0.08194233064811779 
0.07939304780997118 
0.11091343548524181 
0.05855801268234851 
0.07486356307166968 
0.09223787568567537 
0.11189671593489044 
0.08221615814974069 
0.06015226837739917 
0.17325892715437002 
0.09167729852388698 
0.11101742289377203 
0.08794725489649645 
0.08467869714837961 
0.10952302729766228 
0.09424228547455536 
0.039058084111133706 
0.10237257158819699 
0.06121077565468948 
0.0771688418392579 
0.08010865878014597 
0.019076238995722597 
0.07324699985957737 
0.13815848362657804 
0.056046124343087506 
0.07069404877518284 
0.08470396451824572 
0.0808086798368903 
0.011551197216341902 
0.009800167161453753 
0.16042836866506735 
0.0429985321763564 
0.08503960508606635 
0.10039636420015598 
0.01479242593200232 
0.09978125727611058 
0.11504160285549117 
0.0913375459788306 
0.08871094842668334 
0.09982172908128781 
0.05328377380778211 
0.06266481270355823 
0.1144408084171785 
0.16321350657875833 
0.16865446914595061 
0.05072056734430319 
0.06227179124321582 
0.14547917751566009 
0.0508949040484524 
0.04797474625809786 
0.10098976502373003 
0.1452585223414496 
0.015687610855660485 
0.09357111930978144 
0.18167868496781242 
0.15320914049953152 
0.09482331857048777 
0.12629471589390756 
0.1012732866902178 
0.17991597920313712 
0.035643730864786956 
0.16629375428563534 
0.04582907266856753 
0.07014423961933626 
0.1800709510803603 
0.058147270103788194 
0.15841187674779544 
0.03817658341343229 
0.1468018718897668 
0.08491824303302747 
0.052332723724264396 
0.01335136960028856 
0.07458061361834784 
0.12659204461549634 
0.09036248778726425 
0.016636448814009396 
0.09547448401522615 
0.050861784973167616 
0.04195782568813209 
0.16094909781703134 
0.028719092939096646 
0.18895783762707224 
0.0534983114967025 
0.05521686345430847 
0.06505105246940943 
0.018648240420887106 
0.11604028391154073 
0.08724201745649514 
0.06473529828347933 
0.06035714568482165 
0.03943774778810695 
0.06236498885090683 
0.12675747746230479 
0.017259590608015365 
0.04104488439422875 
0.015793087169877006 
0.031176359964322903 
0.04082209711796888 
0.10319115670636952 
0.11757970886604632 
0.10634818029701171 
0.17602526978927804 
0.07578498169655616 
0.05567879121317661 
0.011875724870462297 
0.01707754640974276 
0.05366558837837847 
0.01899106774836874 
0.11047524131132573 
0.047967978675488014 
0.12234686648998981 
0.027034127955258568 
0.11745973260229613 
0.06536000945913076 
0.1374729155961817 
0.06860646828865324 
0.13084077430000193 
0.036204807947181346 
0.11366034737763439 
0.04753856459320618 
0.13764619767175584 
0.06772079612144359 
0.015147883616588897 
0.07179422922810287 
0.08146146354934532 
0.1252169851991454 
0.10050927943857899 
0.09270192015598049 
0.09694884863690235 
0.05210634933027725 
0.0844470901839982 
0.21772157034313344 
0.05834009883999497 
0.13920075898123827 
0.15916194523966187 
0.12344261718106711 
0.11075276852922762 
0.021528360356986957 
0.07686243763063859 
0.10006108585736667 
0.02467241488567018 
0.1246174898247774 
0.1053756027845537 
0.04383326795893188 
0.07608507983499373 
0.04940841287060435 
0.08201887471770396 
0.02586785523895273 
0.05920773818216479 
0.021833038092444634 
0.06025506101090611 
0.10072198209574504 
0.09300241741787633 
0.05431626757821663 
0.2013555571761601 
0.108265766720807 
0.23071904367809343 
0.03099425393413623 
0.20057109353941727 
0.11228109149051836 
0.05430459617724596 
0.050737014409470246 
0.1733250765789804 
0.1097487964890713 
0.16949422443957995 
0.07633574913292429 
0.12218085812095313 
0.07166067781559066 
0.016258705064846456 
0.06326047400494876 
0.08376150717880856 
0.07625768879166428 
0.07008546359369065 
0.022569086582799786 
0.016764770098220874 
0.06329421930378511 
0.13567068850263797 
0.015165781191133149 
0.09607742723499284 
0.07428334586533215 
0.0813098732656801 
0.08116072219840945 
0.08346679388943015 
0.11746041815365443 
0.16437930368548995 
0.019925232032183958 
0.03325480928796061 
0.08626121941567769 
0.15175847362420541 
0.1892612750003033 
0.06081369753216252 
0.02943284445903628 
0.006976335838001192 
0.06687154874819749 
0.01971876987959701 
0.06745230871552006 
0.0985368518375494 
0.03797096704188154 
0.01359117788322569 
0.0683918381174332 
0.12882688242252982 
0.13248659355743786 
0.01642112913888718 
0.13895264136741403 
0.11158160289407709 
0.03322485158097892 
0.009875743033242792 
0.13216562893280737 
0.11352581429113853 
0.010800652719942606 
0.011378287831367257 
0.10392321399287223 
0.028490802857055214 
0.14550547128496072 
0.12265680960459749 
0.025883566284660865 
0.12422607036260565 
0.06984066829596665 
0.09912764843693585 
0.04235312550299887 
0.08896211212173537 
0.02022295703746353 
0.137065370559697 
0.010796154580941441 
0.12046491691466958 
0.013885744046147676 
0.10996024471877648 
0.022590814099050928 
0.012343738306466618 
0.04747086121808358 
0.06917609325882033 
0.11543007956503842 
0.12644426882674356 
0.04430343744859149 
0.020525421429727225 
0.10401011795722201 
0.11305221295440396 
