0.0010869388594783895 
3.136433499447424e-07 
0.001775733149075586 
3.7210965135077866e-05 
0.0007284872000000171 
2.6061860428340863e-07 
0.00046761815470670523 
0.0005238369654538928 
0.00045578840900445584 
1.4732975238220733e-05 
5.505446155654424e-05 
0.0002352216242421395 
0.0013503597512616295 
1.0310214933952465e-07 
5.980565042631584e-07 
0.0006623695304427368 
0.00015470140497719334 
0.0003905095160136579 
7.495164416599816e-06 
1.7413607563998149e-07 
7.76463078917922e-10 
0.0013775682975112993 
2.293525535270344e-05 
0.00034641132656128103 
8.724582791637054e-08 
0.0008257041694286978 
0.0012563095674220847 
0.0006308690498699332 
7.34018763208395e-09 
0.0012517212848825437 
1.2153406963721979e-05 
9.495551346496337e-09 
2.2998913100017156e-08 
0.002245925590886869 
0.00023139578781128386 
0.0020159283485220595 
3.367820344688475e-05 
1.9107954009671934e-07 
5.874297021813886e-08 
0.0021217868844820202 
4.563048380027756e-06 
0.0005677466957751528 
0.0002306137534203072 
0.0006409645365479732 
0.00026585932194699035 
1.0920747873320185e-05 
0.0010951917899981178 
0.0011717369372587234 
0.00018036998790197222 
2.0960174425031747e-06 
0.0022584703455337234 
3.394220073986761e-05 
0.0007496603587574417 
5.883038904665077e-10 
0.0015009057483794924 
4.151638851905525e-06 
0.00010051149459516373 
0.001313822392245078 
0.0021896281700230346 
0.00019347147639460816 
6.42682871647282e-05 
1.160136940843863e-06 
0.0006020742369756205 
4.5803030277774566e-05 
0.002133498338983166 
0.0001799388534235639 
5.508338723168917e-06 
0.001468504792027889 
0.0005263447744944137 
0.0010387796516446578 
0.00010122445486906728 
0.001365151538296016 
0.0019484536258183682 
9.21878378408986e-05 
2.1933439738973154e-07 
0.0006382823668429671 
0.0001565738129294698 
0.0010466272625646027 
2.6816757012973143e-07 
3.2982604757670194e-06 
0.0005504156564535744 
0.0007703153798260922 
0.000913410559520119 
2.1812602866708594e-10 
0.0009648757342535618 
1.24260840627146e-06 
0.0001527006680820457 
1.845414179401191e-07 
1.1009321903135403e-05 
1.695863832805996e-05 
1.934572853003496e-11 
0.0005607855727318018 
0.00048062928947433366 
0.0014530835310648943 
6.794431561260793e-07 
0.00031586323538483336 
5.116207399149722e-07 
0.0010797587255512425 
5.505810604626288e-06 
0.00026853353660372554 
2.5904277970854205e-05 
0.0018608119784525611 
0.00046318591746750146 
1.8421282723386886e-05 
0.0020930153052045844 
0.000975797937835186 
0.00040023123369535443 
7.798423472525186e-07 
1.1143372922605956e-05 
1.1889359022456985e-07 
1.4536487770740604e-10 
0.00031546338702202243 
0.0002872068403007952 
0.0005175841243079762 
9.770158056596016e-06 
5.32543903157763e-06 
9.881431634059755e-09 
0.00041967549460417093 
0.0010920522851912107 
0.002260816318159341 
8.36430761518123e-05 
1.93782157927884e-05 
3.7580612446584735e-05 
3.7774630317563e-05 
0.00046245384633820735 
3.5865886647146693e-07 
6.802451050452327e-05 
0.001766552560611293 
0.00010744930647097087 
6.670602871986048e-05 
0.00012152665917907323 
6.095547445739937e-06 
0.00011075987433972824 
0.001003999484933844 
0.0021336587751009826 
0.00035848527623604366 
0.0003146913851669753 
0.0009301295268282949 
0.001468474287967309 
0.001137381794256443 
3.4796368733883984e-06 
1.9187387819715298e-05 
0.000494386465686988 
0.00013282207331584753 
4.655441630793434e-06 
4.8057571680073055e-09 
0.00011724470553143459 
1.6781648607258068e-07 
0.0004844935306411158 
0.002269942318284575 
4.2299771704655336e-08 
0.0010288518343510625 
3.2502013510081435e-06 
6.270567559665803e-07 
0.0005156564731705004 
3.3578690316106057e-07 
1.5481665430499048e-08 
0.0021277717420596634 
5.523528124729585e-08 
0.002176376741000913 
9.437368053544042e-06 
0.0021911455545990453 
2.1094607120787356e-06 
0.0005567934887428538 
0.0006266171638921417 
0.0009561619020252949 
2.392415175085978e-06 
0.00016597692992512873 
0.0012750607508732368 
0.00011046918722473558 
0.000916631155758047 
5.117254762615402e-08 
0.0002140726949345921 
0.0004926470144446332 
9.795762855699044e-05 
0.001472443139016693 
7.994892075612795e-06 
2.964241189058086e-06 
0.0022546461074403916 
0.0012501353123793588 
2.6765662970030497e-08 
0.001704773014963686 
0.0004075214277714991 
2.4951980481924653e-06 
0.0007158453723719902 
7.056180805260948e-06 
0.00020106109154098293 
0.0005189081511576748 
1.9487661058406116e-05 
0.00012021362723350179 
2.1263055002634e-06 
0.0008724072141082522 
0.001431005922227055 
1.9565257117638707e-05 
5.127376732901595e-08 
9.304931124623012e-14 
1.2180091464523336e-09 
3.112243517603825e-08 
7.955505945763042e-06 
0.0004539753802559742 
0.00028628976720846257 
9.496276645105996e-10 
0.0007285839324233003 
0.0021757091376628703 
0.0006466145782100432 
8.95198771126352e-07 
0.0017857419023683825 
6.333734768092917e-08 
0.0020208292072992438 
3.2767623285291604e-09 
0.000304437057192038 
0.0016283741339393949 
1.540652746033615e-06 
8.161924833084837e-14 
6.8795607743271965e-06 
5.8002274533866325e-08 
0.0004898010868724485 
3.075311576511748e-05 
2.6465139151452122e-14 
0.001902717857759407 
0.0005178546148290503 
0.0014745583948928445 
9.985411113525334e-05 
0.00038145324240084806 
2.62975666458862e-05 
5.542910317096859e-05 
6.32479447448673e-08 
0.002033709595032503 
1.7894220881620923e-07 
0.001485721291798878 
2.1484117453264832e-10 
2.0887711418867786e-15 
0.0002884752751197451 
0.0001149509418862521 
6.072669535352089e-06 
5.4792428789544676e-05 
2.4079089673393088e-05 
3.7295843426965544e-07 
4.998774278397342e-09 
1.0609164500028463e-05 
