1.6237210600195823e-54
4.874943696200524e-14
5.212858442107828e-09
4.023468773273457e-15
5.403981945231953e-29
2.9599922224340087e-25
0.00034095317572687734
3.5030877658844413e-26
2.3333035305819486e-17
1.3520947720150376e-22
7.476809985082112e-28
1.0191993847792822e-11
0.00027842821212960934
9.326133822866472e-18
2.6945412417214127e-09
0.0005414522665551437
1.6857273556182878e-84
9.401458090069132e-41
5.371510035181319e-19
4.477858644201044e-31
0.14702318561939315
1.6952347414133465e-05
9.382694554461541e-85
1.7948058271158077e-30
7.745452756759874e-117
1.2519072800498145e-19
8.906455141629325e-05
1.9945693207762823e-26
2.290058390042343e-18
0.145820204507451
3.1513962532305515e-08
4.867548353128794e-13
1.1017884188364531e-42
2.8344277586103574e-47
6.871066525431827e-13
3.448552684375618e-05
0.005235933802063344
2.478478799268097e-10
6.132733387514878e-38
1.0085620831112247e-77
2.1930370690631674e-10
2.3453460349044805e-27
1.9704964147117706e-06
2.9633092595196507e-30
1.505060868212229e-16
1.1115198424108293e-37
0.001065057605681299
5.5376318183761234e-06
1.643400563151189e-13
7.93424648883437e-05
0.008737950113890561
1.9245081365988077e-58
9.624968960574642e-08
8.966929668048456e-06
2.43802113281752e-83
1.8882608910528584e-20
1.6938551560524492e-62
7.817307991773159e-18
9.634652200964698e-38
4.350482200107057e-09
0.009590934280111211
0.053037341740525414
0.0003940373821883137
2.8135969885517814e-14
4.6601537594939226e-83
2.6241672285181296e-05
3.122457769017718e-12
2.0981252454017475e-33
3.2889194335869455e-08
3.141287720295966e-17
1.0243351325017373e-09
3.90883116597069e-40
0.001344489480046091
2.5384397473964023e-12
1.7901982982969616e-09
0.0010035972370589334
8.682228207395592e-69
1.162714004816821e-39
2.583062862954886e-69
4.083267112151359e-14
9.690529864581807e-33
5.045139809010649e-05
1.592329137715134e-114
1.1965211626947327e-13
5.383792667767245e-14
3.970446365663909e-08
2.6630212371270372e-45
5.533191603217943e-57
1.609603034621121e-24
3.0868481181110685e-45
2.9117157725999796e-08
5.9943657819229e-28
2.3279405307415334e-25
1.5756337709002885e-15
1.8641540317987979e-19
0.0002551701965944171
9.241495402102033e-06
6.893512667120938e-21
1.0946976491316636e-08
4.054565803689972e-95
2.572763498494154e-10
1.572898445712651e-16
5.408496880569274e-57
8.477725190878605e-24
2.212657801038403e-07
2.082310220494565e-07
3.055362320349622e-36
1.3875440502752248e-20
1.2982810305106212e-21
1.388295774115799e-20
6.086261323982766e-76
3.076112397471269e-32
4.352054462485654e-11
0.0938574009800328
1.1302305609451707e-27
4.214643823793406e-19
0.019303552848981224
2.364020520574234e-26
2.2794090847388388e-08
8.424922690794824e-16
6.4211234136742955e-15
3.5788113952011156e-08
1.065785093672869e-14
5.933021197977439e-20
3.4811294446102745e-09
0.004516926466530597
5.152763350166716e-13
0.0966095879564983
2.974343324515147e-45
2.2299660195770816e-54
0.0028111770536972417
4.966397809888367e-12
4.164797671047485e-28
2.402550539879167e-10
9.098993879332976e-24
9.402256186998008e-49
6.442213112819076e-76
7.37419997209208e-84
1.2371419788249532e-07
2.7413629557877674e-12
9.314674271447925e-06
8.410314526986767e-11
2.1543629055145274e-08
8.776252018053197e-40
3.19853462138123e-14
9.233342992293146e-102
9.564399443734658e-24
3.617734296721573e-25
4.504458541463252e-08
9.889894109089766e-14
1.4181557006798194e-23
2.1398140442767763e-41
6.343983058836293e-17
0.0008663434181260657
2.1202750872184976e-13
9.232597987783604e-05
2.62645345707519e-29
0.0003148957334400912
1.82201696462188e-12
4.127211486571108e-57
1.4295796438567756e-42
8.82422001402676e-46
1.9660860395957777e-15
2.186069191678366e-52
2.3428714311189872e-52
1.5138413826701416e-07
7.494286930916639e-15
2.6608247808230013e-23
5.1373727233440616e-08
9.967343834097534e-16
1.9420312287241177e-10
9.29989219303643e-51
4.904730705954102e-08
0.0002375233409887237
8.515429929962518e-05
0.00025960469625240255
1.2674648194758064e-50
1.37870342364905e-50
1.3203941330210278e-10
1.068409051657171e-06
1.9603331771426535e-08
5.48542639393671e-22
0.09119628535563074
3.189449612737465e-50
1.0591826437233933e-24
1.9614473552550976e-10
2.1847936291976281e-13
7.021610484461326e-30
3.055875909472183e-35
4.143555556424431e-09
1.8862837898772663e-13
1.530513367049462e-65
9.673312066614638e-13
2.1159158628210733e-10
1.270926744591696e-15
2.965630184567784e-37
0.12076315528009485
1.4947504205066298e-60
2.272048920313796e-27
0.0007582924261109462
2.1459984524784518e-54
7.45469653716573e-12
0.0126825079016713
0.0004262939999196213
3.2710594094740784e-33
6.123644535488616e-69
6.550856444239344e-13
3.731834159270735e-05
6.641221135643423e-09
1.847841890082736e-27
3.354813912686305e-29
7.378105302038184e-71
3.982398905783967e-37
3.372628557606476e-23
2.4801026997266993e-44
1.993561069329498e-23
3.0303684537175816e-13
3.1025311874723778e-34
7.734137375797673e-17
1.979500950482344e-19
4.619289398934607e-29
1.4128703769921831e-11
6.24750370717407e-52
3.5360282232623336e-48
0.0001381706307121632
3.32993934588495e-57
3.1962809531906197e-12
4.460885859570922e-34
1.2747406294962947e-22
2.2558162653469504e-33
1.2660286554425923e-69
2.9270554737539147e-08
3.0486792604685603e-06
0.18000687363482573
2.3294402171978585e-05
6.621477215199302e-20
7.642632600820295e-06
2.4435946969649504e-18
3.0129436560279272e-12
2.0143344146724728e-11
