2.0200002008132256e-21
7.031998014705496e-41
1.514296262950797e-42
4.6113488557301564e-27
2.7457859396113977e-30
9.131393183558522e-47
4.883398498891518e-34
3.1069877238428975e-34
1.180478607465937e-41
3.816573962529869e-49
1.1635490618154672e-49
3.769210440738402e-44
6.641308867270171e-38
2.7942406547718865e-51
1.4812557333263345e-51
7.93426826309553e-29
6.157263216325544e-35
5.429151692343889e-32
1.0039828649969323e-45
4.684381814085036e-24
4.173241713745085e-52
6.384310172699507e-31
2.762379552231869e-47
3.6466748677794396e-41
1.094611254352226e-50
4.698175252074445e-22
2.8823454158234363e-32
2.2258106520108676e-40
6.989507318570402e-23
2.177354660712661e-28
2.7988052133223804e-44
9.456452385391638e-38
7.92790725893649e-28
7.474351726101852e-25
4.218302770788306e-22
2.50785952126014e-37
7.544393942491289e-43
2.465791965304437e-38
1.713250947363244e-30
1.4248813493358638e-34
3.587664260457674e-34
2.229514336610537e-39
1.0871314703194175e-34
6.150685765659702e-25
3.353058364182355e-19
3.256749507815108e-26
3.711867043757189e-33
3.526868305983531e-33
2.0233732268976546e-37
3.3500660284493214e-18
4.249702617448491e-36
1.0166931571977561e-27
1.127678238360444e-31
3.7099235007327004e-32
2.659565140861289e-43
5.58029876785033e-24
6.105359070317177e-46
9.382654630074105e-46
1.688733346917976e-29
7.247989128232521e-28
2.0695440093922352e-41
3.2246122345789564e-51
7.260341084794498e-43
7.109397004073639e-34
4.376159785897296e-42
3.633814886333481e-34
1.7034755355502948e-36
1.749067103160558e-48
2.2309328538795834e-45
2.8119286435713895e-44
1.2237136943280947e-39
2.335352453434346e-25
6.680840900498726e-41
8.323136253184402e-30
1.2983602506169946e-19
2.665660061870527e-26
1.0992345959307136e-19
5.039260726150098e-20
5.4578524492651805e-17
6.707947993372499e-34
5.540708644344171e-28
2.9099973892902803e-48
2.029410157059192e-39
3.392549198304182e-46
8.423244558006601e-38
2.7374331231285377e-36
4.146819678531665e-25
2.876808940873095e-27
4.7203013105000226e-30
8.655003364717971e-40
3.282731505404887e-51
4.249987436648723e-41
3.033845163878085e-39
1.731004797326439e-29
1.6730426588140667e-46
4.505501317587749e-44
3.1347881041068455e-49
1.5679987103199933e-28
2.9019021050080972e-27
1.1760262528529216e-41
6.405432636818719e-23
3.8403450713183265e-50
2.0266941531243423e-46
4.974141901371921e-18
3.3199668614992357e-20
1.245422967491046e-28
4.275468510036017e-37
4.64717565866964e-37
4.9065589149427975e-22
4.865836301335807e-43
5.459898220684557e-26
9.518778160396479e-23
2.2405155300351807e-32
7.779088093899612e-36
1.9628170473611932e-48
3.0028795099039602e-36
6.264855521802772e-30
1.129533802410911e-24
7.52172081843787e-34
2.8961571024097627e-18
3.376297657790616e-45
1.0940362085075802e-31
6.396003996307601e-17
9.752898773199906e-18
1.4218821107635516e-27
3.2555858233314913e-43
2.519974785371425e-37
1.8988555144111506e-29
1.0351717703949764e-19
1.1115003767351693e-21
2.2274219972906414e-48
1.6542133267814676e-36
2.067103473348157e-51
1.5448046437535473e-51
1.7311579458706755e-35
1.6685342912204473e-47
6.392756312588968e-33
4.316018911468456e-34
8.571562942135037e-50
5.802967843766333e-34
8.499743207834379e-33
2.6133677373027247e-22
5.541276748247621e-50
6.886907037195746e-29
1.1132120452022223e-26
9.018730059468151e-33
6.157046168656933e-25
1.4732611978975735e-36
2.338003556294327e-50
1.2143968052413204e-36
6.197715258380244e-23
8.732529188285408e-25
1.2487454669851042e-34
1.7986625948945382e-38
9.144327402848332e-45
4.3935720304512336e-26
8.197076036748968e-26
7.333766911729607e-24
6.944118847546159e-30
3.1811957301726934e-23
3.2795985686515033e-46
3.7828429902710447e-44
2.132355755844837e-27
2.754194786570954e-20
1.084620637271202e-21
8.79551656614111e-48
6.989089365425261e-37
3.455559733301926e-32
3.7086646389734235e-28
4.23872768623274e-34
1.0328510810785936e-24
3.449124432796744e-30
1.0776413717037617e-34
8.49408557593731e-50
1.8094438359282953e-28
4.733665844252013e-34
5.47421970415861e-39
5.985268346439618e-48
4.3949419601764735e-33
3.198779508532715e-47
1.6592977606096967e-35
3.342085197241249e-32
1.390587413925946e-31
8.849294210613533e-45
1.0710402354359164e-44
1.0754084605292594e-23
7.210230704864991e-42
2.211976362875811e-23
1.907789404588037e-37
8.688026822299896e-47
3.926246669235112e-49
4.395432333394368e-34
2.4735757420108753e-51
7.286083939610069e-49
2.1249896063321944e-29
4.2591399205159114e-46
3.647059591951831e-45
1.1562517512736037e-40
1.8410837626852062e-49
4.7762560481915e-22
6.866761129835487e-46
2.5322077525283765e-35
3.3581446761227016e-31
9.330325143875458e-31
2.5156142839891205e-48
1.4836538069656236e-26
5.868755841707911e-27
1.0413718708186421e-36
3.455300295847281e-47
2.8050708506904437e-21
8.238990721134014e-42
1.9760667570796417e-20
4.708688845679521e-48
1.5126924444678784e-25
2.5974196260811343e-19
1.3635212120936064e-20
1.5695440716492961e-21
3.477518226779046e-47
2.4746842430409928e-21
1.2739499071611653e-32
1.2773494748610146e-25
1.688489756081974e-29
7.064936778217932e-26
1.9147786231212166e-45
1.5960231928837425e-44
9.753980924466258e-41
4.266187963430975e-39
9.60346642307775e-31
1.0364859233039894e-26
1.9163883759034116e-43
9.236971758407546e-26
1.4361418171792224e-45
9.739496633804967e-41
1.7421931832005804e-40
8.680726023862878e-36
1.6183381215693334e-22
1.0069507866933842e-33
1.4118286932970276e-39
4.088223533702879e-31
7.461740605889629e-23
0.0011066988091547624
1.8925206816787467e-11
2.084793859729091e-27
8.873097587045097e-50
2.133381200654826e-61
1.1393194951831367e-24
3.5803515368557616e-29
2.6856487686812504e-07
6.871362926342029e-39
6.086683529536489e-16
5.0977269603512804e-05
5.771140568525388e-45
3.6390064329576056e-51
1.0547119245689103e-64
9.025805720730147e-60
2.1557818413732974e-31
1.5393443002655658e-60
1.3650972542303252e-09
1.1428112544925146e-22
1.6387335020325325e-52
4.2481585079133634e-44
1.1560071585804702e-56
6.097328052560176e-06
3.1614369558424393e-68
1.48499952245988e-73
9.216772253687491e-14
3.266028456674969e-23
3.459757609953944e-09
2.2954516653525306e-20
6.34601865993684e-33
2.7524968732236834e-32
1.0508452678016895e-14
6.116596388679059e-65
2.8325597561284546e-07
8.470864991471817e-46
1.1374052714515155e-26
3.412822204544417e-21
1.765880505557402e-40
9.428196425380653e-11
1.8484849650230009e-16
6.301259957681696e-23
7.068286318457891e-61
2.169792213167881e-25
0.0005759514509009172
7.155752355149553e-56
1.3691869734792975e-54
7.98596908719686e-40
1.1516875935047172e-29
2.07860633604273e-11
1.5155351318828178e-37
7.655942818713144e-31
3.60488301111081e-56
6.771346586570577e-51
6.770095888465655e-13
6.31438509742702e-71
2.2619628519001646e-62
3.2344024984537513e-65
2.1112196520203094e-25
2.3520877901664287e-43
2.0629821427328244e-39
1.3403492355203535e-35
2.870670396893655e-31
3.4279308721558356e-48
1.3070323396655613e-50
1.5007064650394407e-59
8.151345503544161e-43
1.2846929923358022e-12
1.825791868626053e-55
3.597107089354279e-58
6.71688042938884e-14
8.466382004724163e-36
8.911223667989604e-22
5.102712981056238e-49
1.5667907544453716e-22
1.0126324511539123e-29
3.4554757747526605e-35
4.043319893082424e-08
6.0925490578246254e-49
3.0372332672564896e-63
1.581116016436892e-15
1.945606952888647e-54
3.4434169005467355e-39
5.433351099130106e-74
2.4134191893968374e-20
4.825807538465946e-09
4.6523001759288184e-58
0.00048110148810212545
6.197886332021955e-67
1.4403886025930022e-06
1.8379704346283482e-69
1.885197914413066e-15
3.538194145640785e-55
1.212290982005627e-63
1.180046941429868e-65
0.0036975780158931514
4.280368459200608e-23
1.6382193264288398e-47
3.418098031584002e-51
5.371537876082983e-10
0.0025204571138043893
6.638506402887178e-26
4.4393060430230916e-64
9.949860133294104e-51
0.010286454919193376
1.810987124102128e-29
6.275051450528344e-25
3.066749460007022e-49
3.6196642053824124e-42
1.0686749626120358e-10
1.2007637073669648e-50
0.050950892620077945
9.784416826750927e-09
6.29033691284513e-39
8.068891158690473e-28
2.840759009646141e-62
6.838350891004208e-39
1.30080929881138e-29
2.054585377555486e-62
9.50681850527696e-26
3.2862221270146715e-18
4.641542560070337e-66
2.946987170545582e-51
3.5857002335108484e-24
1.4541509810859713e-11
4.207887278935403e-54
8.770832655034977e-34
2.37718521084528e-61
8.666350860955927e-32
0.8663702644578529
0.0017001643227795016
6.659924725825038e-36
3.4287870127779388e-43
3.9652087365316746e-52
6.10814431444495e-65
2.5476432738673063e-33
2.1345769193534705e-13
2.1833086342434842e-17
2.1752878666274574e-66
4.489776911806229e-46
2.833635635773322e-57
6.132591534556416e-15
2.2482756989169114e-26
1.0968082628664566e-55
0.000262783938867618
1.0646378618199394e-26
1.6469345613570967e-68
1.2044507125618056e-35
4.5190930985941046e-36
7.58455187138405e-60
7.551715623600034e-33
1.986897942165563e-27
3.737544890509895e-59
2.145859836633362e-54
1.7471149513926284e-53
1.2948829821192969e-48
1.425477659577127e-45
3.277374701028642e-24
3.6266260981350005e-19
3.728741875214716e-54
3.082750518403485e-71
5.017616405158539e-42
4.0428436142922065e-48
3.7401631114691986e-37
3.59164095145789e-56
3.122830346680597e-55
2.179898773452197e-58
7.866229010203818e-12
1.5624117826029605e-53
2.125020629619562e-46
5.551358321907152e-31
2.503296978416888e-40
2.400861802185559e-08
1.7331251144503668e-53
4.654734556401976e-39
3.0442564382743744e-33
5.643901045719273e-49
0.05406477052342245
5.9855756547152e-45
2.974325660064031e-23
2.047506052300887e-23
1.7268559469262418e-42
1.4851137850245259e-59
1.3045020253851253e-33
3.730711303960808e-61
2.3204924074683724e-11
1.9652174003516344e-11
7.902958743769614e-52
1.0533461875892986e-26
0.00042369240095300873
4.718506600077999e-49
4.4812904522760417e-54
5.450742710129502e-06
9.054794105855717e-35
6.9329681099980266e-37
4.395655189481484e-08
2.312064703952639e-70
6.497337918102804e-23
1.9181160611324803e-64
6.891001434502056e-48
2.4942574472224327e-55
3.1206406812628465e-17
9.263337454831454e-43
4.247379018700596e-26
1.7687212508747247e-19
0.006753869608190414
2.204822752598143e-71
8.815400449730859e-07
1.1302437323532593e-33
3.955463292408891e-26
4.435759476694716e-28
9.20850808400817e-50
1.0857779269310235e-66
1.0955836346019153e-23
2.7834941900705867e-31
3.642423878064005e-41
3.046166293953297e-18
8.750502509588627e-66
1.7963752008495904e-54
6.051629512353579e-50
1.1443766498716825e-39
1.578326401225823e-66
1.3807929218141845e-50
6.694749515051991e-66
5.821478541907951e-09
6.189372069134812e-35
0.0007397867363385313
2.2399873684112783e-34
4.740184452947141e-62
1.3326181377222903e-63
3.6886184375842015e-13
3.372606779470298e-13
1.3750609564705114e-25
3.2984571765263494e-12
1.824510423650946e-41
4.577995513504253e-16
3.354443430737451e-14
2.2621348659798116e-15
1.3694916985401804e-31
4.836519392871652e-62
1.9299830196290826e-44
