4.945421274092916e-05
3.6919047346571387e-09
0.001998693725577237
9.489613049728262e-05
0.0022843765053570807
2.591975823408236e-09
0.0009352317479315044
0.0025207673505885883
0.0010069693239421285
1.135504641030777e-07
1.8069468546788386e-07
3.139636508957182e-05
0.02479019055728526
5.518894582536517e-12
1.3229892023941204e-10
0.0036972483782383965
0.0008027934159725597
0.008238552292659553
8.138094701101523e-07
2.3178540299494538e-10
3.130723801019014e-15
0.0008128675912339405
4.334882239906019e-07
0.0007553128666789771
1.3240720314590541e-14
2.5016821032308318e-05
0.025064466748413165
0.0005180047622148988
3.5458216194255645e-12
0.0027473934806711135
3.461550278777824e-06
0.024407574876736664
0.0031630820288735683
1.7801272209084993e-05
1.3811377232552564e-10
0.0071334637612703354
1.227156196639868e-06
0.004226732574732091
0.0026351064089824424
0.0006207001852179029
0.0006409923405002972
3.37326146656276e-05
0.032557488207623275
0.0017937102837359776
7.029541655581924e-08
2.0989361833832987e-07
0.029167498563819245
2.0982761499561227e-05
0.0004625622956658251
2.700267744549121e-15
0.026937693068944946
0.0005039566638714465
0.03982169002955567
0.02831934708111496
0.00017917030721591051
3.7338903951529366e-05
2.7453317627407762e-08
0.00020725591039780726
1.480042810287156e-05
0.013195136695590533
7.949197698446294e-05
1.2247548849910874e-09
0.003079722139747908
0.0008157677979664022
0.003447607824544569
0.028927833731117774
0.003912284626995926
2.575403762537502e-07
6.429310705178661e-05
0.00011208799543970287
0.003555033465666245
1.8054212537876168e-06
0.005975460113006827
0.021364306044726125
2.445755331128538e-10
5.229330691789681e-05
1.0362182340593649e-10
9.32904566530684e-08
7.319452444720267e-19
0.0014828860831907864
0.0008119953842214729
2.1965979905393284e-09
0.0035962336156332726
2.2045428098966197e-07
0.010143115300123056
0.00905073799430685
9.940222897542957e-06
0.010965954662947528
0.0017658451297762946
0.0005804826042828639
8.399107465249341e-12
0.0013384586074842227
0.0003332354242883713
0.007055282199814717
7.981981835552702e-09
1.2191828718462966e-06
4.077004771968326e-13
0.00520722785530897
0.0007694435346022389
0.004460649825093852
1.0761119622627409e-06
5.868921695261526e-08
4.995778900931946e-07
2.3460968633582028e-08
1.6406789896521234e-06
0.00016890805105118146
0.004599653010462256
0.0015214015610818072
4.126264780842468e-06
0.00011362766894784562
6.359658108115681e-06
3.800936952781263e-06
0.002304257708198209
0.05381882064800079
1.526512058522196e-06
0.009434070540053081
0.01815644991158373
0.0011198987392636007
0.009027147302794912
6.414881495550134e-12
2.7286320644540146e-06
0.007114375708012412
2.8905872815765615e-10
3.862269327820807e-14
6.873026983863778e-05
3.900101763248658e-09
0.0006986983845201501
0.003920310910586937
1.1961183059390566e-06
4.3188534580205313e-10
1.6450613165630865e-09
0.006877583841510187
2.963961681337166e-11
4.0900085674196624e-13
0.051325524269761724
1.167334919944327e-10
0.060378093693057494
0.0544996391231913
4.70365337815877e-09
0.000572803893467096
0.031331878267202774
9.75230129575964e-08
1.1605260150664065e-06
0.0026256837019274074
0.0004613393031311152
0.002428278850004994
5.3622742023268184e-05
0.003312424636903652
1.3681172754947166e-07
0.0014142405678448367
5.9756908205232525e-05
0.0012923214301525708
0.007709659934795343
0.0008112718388794251
1.2370986319720763e-07
0.0006526863142207411
2.344447499686702e-06
0.00010682890641799734
0.01183003118590228
1.5200729195934258e-06
9.711625312409603e-08
0.000805783902396933
0.010188632257828796
5.175429641645579e-08
1.580363293914564e-12
5.032010369443568e-14
8.82884221694893e-06
0.006374094270943949
0.00012855268901464887
0.0019993985870925862
0.001374106556982049
0.012071669647800543
0.028355309206676876
2.1548139283628788e-11
0.0031317594575430803
0.010165904551858713
1.4039713430689695e-05
1.043812315909263e-12
0.014315925258062181
1.7951201169765944e-06
0.018680151802376782
0.0016957702629825254
0.010116020448151667
0.00011189923258708689
2.5821642907318144e-05
0.0005425473464971679
0.0025971923079896354
5.3354559011029315e-06
0.00048653214808137775
2.95978714607055e-07
6.188049988181344e-07
7.513504643028408e-06
8.287400223615646e-14
1.0166241884123186e-12
4.084209204425743e-05
0.00015045393103748424
8.396424504953865e-11
0.0010003104714133863
5.651525900722729e-12
2.9040454554446197e-08
0.00019931676625430605
0.004981019237119183
0.035266625604304394
0.006369484972516176
2.743919606834976e-09
1.0912321926244288e-05
0.009357660613503245
7.607520746217518e-05
3.0827560189824745e-07
1.4137754314592819e-05
4.259318225027351e-06
2.597278546518236e-10
1.5330451305844642e-12
7.555365364457213e-05
2.0689836148101153e-13
3.5039701636392317e-06
4.2653042538500506e-07
3.427433492635743e-06
1.2356172361129487e-05
0.0022440591408640323
7.767132262048391e-05
0.0011815294177573172
1.0573576889719489e-05
3.921964230535748e-08
1.680784319686143e-05
0.0008155886053718859
0.0013563681670447044
0.007876830636041068
0.00023590515763769498
0.00013016677555251083
6.968654610067047e-05
3.364121994542627e-05
0.003698062302787202
6.032459677868457e-05
0.0017670961944599671
1.1866710972159768e-05
0.006128943585015578
1.4846317109976638e-06
0.00012747540512498737
1.4761781108114046e-06
