-2.094055
-2.29629
-2.313125
-2.157001
-2.191858
-2.354123
-2.228374
-2.224759
-2.307172
-2.380171
-2.384992
-2.324759
-2.267022
-2.404261
-2.405264
-2.167991
-2.234267
-2.208275
-2.342259
-2.118689
-2.408851
-2.197463
-2.365176
-2.301923
-2.404144
-2.103067
-2.207492
-2.296206
-2.10842
-2.170378
-2.326141
-2.382857
-2.159425
-2.267136
-2.199262
-2.16285
-2.128754
-2.409394
-2.100936
-2.265144
-2.315502
-2.272048
-2.187518
-2.235176
-2.224253
-2.27791
-2.231902
-2.130342
-2.074664
-2.142636
-2.218632
-2.214719
-2.265918
-2.060569
-2.243626
-2.261428
-2.163287
-2.198457
-2.202056
-2.317655
-2.121939
-2.347401
-2.348576
-2.174667
-2.158254
-2.305633
-2.40733
-2.318669
-2.219658
-2.311324
-2.2198
-2.22275
-2.245452
-2.370504
-2.347566
-2.340381
-2.332555
-2.287555
-2.042013
-2.137956
-2.365074
-2.340449
-2.298076
-2.077703
-2.181607
-2.071583
-2.150899
-2.079614
-2.313917
-2.077975
-2.046047
-2.220379
-2.158181
-2.328051
-2.366167
-2.277986
-2.334895
-2.364611
-2.12187
-2.198797
-2.355799
-2.262161
-2.248835
-2.131955
-2.152737
-2.189472
-2.288778
-2.089355
-2.270326
-2.396402
-2.057594
-2.295069
-2.282941
-2.176688
-2.359934
-2.327571
-2.382149
-2.169926
-2.149037
-2.304808
-2.104328
-2.391151
-2.358031
-2.058523
-2.083905
-2.338883
-2.167521
-2.253373
-2.255011
-2.098309
-2.320146
-2.144566
-2.103442
-2.214553
-2.244738
-2.372107
-2.245256
-2.180438
-2.128566
-2.228803
-2.053872
-2.335834
-2.199273
-2.190349
-2.046792
-2.055495
-2.154364
-2.31842
-2.263469
-2.180967
-2.133484
-2.078425
-2.090811
-2.367193
-2.245606
-2.406335
-2.399157
-2.241874
-2.361788
-2.21285
-2.199004
-2.224228
-2.386664
-2.228438
-2.256399
-2.211433
-2.104685
-2.39326
-2.17383
-2.150727
-2.215451
-2.037222
-2.135448
-2.244986
-2.392862
-2.258364
-2.202211
-2.130727
-2.111747
-2.129588
-2.353812
-2.227186
-2.270953
-2.336102
-2.146134
-2.138961
-2.12124
-2.182926
-2.167326
-2.106996
-2.346492
-2.333545
-2.155871
-2.08617
-2.092687
-2.064473
-2.36558
-2.351871
-2.253905
-2.211153
-2.159123
-2.421937
-2.22219
-2.12816
-2.18789
-2.27766
-2.22975
-2.386336
-2.123193
-2.073464
-2.166814
-2.219908
-2.146016
-2.039553
-2.274273
-2.372174
-2.21567
-2.360352
-2.030854
-2.243973
-2.208332
-2.202109
-2.241818
-2.340983
-2.263141
-2.335288
-2.269301
-2.117696
-2.075791
-2.305181
-2.058661
-2.435611
-2.11999
-2.261448
-2.354989
-2.381306
-2.227094
-2.412044
-2.375109
-2.178627