-8.208336
-8.620249
-8.598921
-8.307357
-8.388319
-8.712933
-8.475256
-8.42382
-8.610193
-8.743132
-8.743052
-8.626553
-8.514354
-8.807329
-8.79863
-8.32612
-8.436796
-8.408849
-8.67739
-8.205543
-8.821633
-8.415076
-8.725244
-8.603015
-8.820466
-8.227568
-8.424603
-8.593861
-8.184095
-8.352138
-8.645373
-8.791275
-8.263745
-8.525394
-8.429786
-8.344311
-8.245726
-8.831212
-8.17827
-8.526399
-8.640692
-8.547063
-8.357732
-8.487356
-8.418402
-8.568774
-8.448141
-8.271905
-8.171442
-8.25823
-8.440643
-8.392417
-8.541588
-8.098862
-8.47697
-8.559503
-8.321794
-8.401784
-8.398245
-8.619611
-8.24227
-8.70007
-8.674941
-8.320899
-8.321891
-8.616348
-8.80474
-8.615717
-8.411958
-8.609008
-8.401636
-8.440067
-8.471443
-8.711036
-8.720131
-8.651332
-8.656658
-8.572254
-8.061633
-8.261755
-8.693004
-8.644644
-8.585812
-8.115555
-8.361031
-8.128293
-8.308157
-8.154265
-8.647233
-8.15364
-8.062534
-8.414753
-8.304158
-8.617382
-8.72223
-8.549919
-8.693287
-8.686274
-8.214062
-8.366261
-8.71308
-8.501705
-8.504288
-8.249963
-8.313584
-8.386917
-8.582022
-8.147525
-8.571304
-8.778424
-8.075771
-8.578429
-8.574048
-8.343583
-8.726707
-8.659283
-8.776178
-8.337725
-8.290987
-8.583164
-8.197105
-8.761346
-8.714713
-8.126511
-8.190122
-8.702329
-8.31489
-8.48264
-8.52043
-8.193269
-8.638226
-8.27549
-8.199158
-8.432552
-8.480637
-8.709002
-8.4938
-8.373858
-8.273391
-8.455885
-8.091905
-8.660053
-8.381711
-8.347569
-8.098071
-8.094408
-8.289838
-8.655976
-8.537802
-8.377079
-8.225831
-8.185763
-8.158997
-8.723863
-8.485499
-8.808071
-8.788381
-8.477345
-8.73116
-8.422265
-8.35694
-8.44149
-8.762092
-8.475909
-8.477304
-8.430636
-8.199727
-8.76048
-8.368901
-8.296517
-8.447721
-8.049038
-8.280389
-8.482184
-8.753979
-8.522853
-8.358738
-8.228735
-8.252264
-8.273179
-8.73459
-8.435799
-8.505529
-8.67984
-8.304242
-8.257499
-8.248257
-8.359312
-8.300579
-8.20238
-8.688088
-8.649899
-8.318521
-8.181664
-8.154051
-8.068803
-8.750921
-8.728798
-8.532567
-8.41678
-8.300234
-8.864047
-8.419454
-8.27565
-8.373763
-8.59072
-8.44517
-8.773672
-8.280917
-8.105351
-8.32443
-8.42926
-8.250708
-8.027136
-8.565343
-8.760888
-8.414232
-8.706685
-8.015304
-8.489033
-8.437349
-8.417351
-8.441556
-8.671531
-8.554964
-8.663882
-8.585778
-8.256596
-8.120761
-8.585924
-8.079624
-8.90781
-8.257067
-8.536591
-8.703522
-8.740877
-8.485857
-8.830881
-8.759406
-8.332896