-8.141943
-8.150001
-8.047747
-8.139169
-8.582431
-8.669478
-8.572474
-8.555545
-8.501157
-8.722235
-8.593132
-8.047747
-8.085054
-8.819075
-8.837569
-8.392082
-8.70403
-8.069475
-8.501157
-8.530584
-8.670102
-8.40293
-8.049761
-8.694665
-8.173106
-8.049761
-8.680685
-8.141943
-8.148083
-8.561207
-8.555545
-8.593164
-8.180378
-8.561207
-8.785079
-8.125538
-8.047747
-8.555545
-8.694665
-8.70403
-8.530584
-8.180378
-8.861488
-8.139169
-8.561207
-8.141943
-8.501157
-8.66744
-8.667926
-8.199456
-8.533649
-8.402457
-8.284898
-8.167648
-8.853475
-8.705722
-8.695621
-8.392082
-8.572474
-8.533649
-8.245577
-8.284291
-8.335341
-8.678052
-8.572474
-8.40293
-8.555256
-8.771699
-8.459506
-8.453501
-8.139169
-8.722235
-8.125538
-8.284898
-8.582431
-8.650054
-8.284291
-8.322585
-8.861488
-8.575378
-8.775442
-8.679951
-8.650473
-8.207178
-8.650473
-8.125538
-8.423029
-8.129798
-8.199456
-8.650473
-8.679951
-8.167299
-8.047747
-8.656986
-8.063162
-8.551571
-8.402457
-8.150001
-8.335341
-8.754643