41.61443921548253 2.251791263881482 0.5238056414975523 0.1218462627800226 0.1218462627800226 
28.748202805770223 7.522250908513732 1.74980582163186 0.40703513491571525 0.40703513491571525 
24.144967972867388 7.5479362881686995 1.755780685724763 0.4804897631529203 0.4804897631529203 
21.828847293616622 6.374282550860515 1.4827685026563284 0.4730116399098549 0.4730116399098549 
20.271471271877388 5.261866470009981 1.2990299829447045 0.42982347131916915 0.42982347131916915 
19.05923965140189 4.3513470470572075 1.1789221375879122 0.386542034063437 0.386542034063437 
18.038322768255515 3.6088226891718205 1.0620345226250083 0.35240882919490873 0.35240882919490873 
17.13748573745269 2.9864167194769977 0.9522450092420879 0.3290053219223175 0.3290053219223175 
16.318484636446282 2.446617714920577 0.8467454993184583 0.31606760344213647 0.31606760344213647 
15.558534581444231 1.962674164939851 0.7413294030538516 0.3130743783022727 0.3130743783022727 
14.843191773827819 1.515642391640469 0.6319544460584365 0.31958557215962174 0.31958557215962174 
14.162838507432292 1.091832240422624 0.5149844483830008 0.33545357729597836 0.33545357729597836 
13.90464825563982 0.7968879503758404 0.3984506950068676 0.3708917236852366 0.3708917236852366 
14.36172681143072 0.9658046541896768 0.2740477512275978 0.43952391875652147 0.43952391875652147 
14.7357606936578 1.149097772202651 0.3208848358382422 0.5245070325349135 0.5245070325349135 
15.028748771602428 1.3451636508903475 0.40244012255827327 0.6278448702063167 0.6278448702063167 
15.24305932530837 1.5521390775511377 0.495290365083257 0.7512222099299528 0.7512222099299528 
15.380895631519262 2.0358987712562358 0.7252529344763062 0.895935900815243 0.895935900815243 
15.44469119742247 2.8483346207120444 1.1353821777166544 1.0626742001363336 1.0626742001363336 
15.436968254097723 3.7658928266415885 1.6233514601226378 1.2514628099865943 1.2514628099865943 
15.360230754914888 4.795922651718092 2.1953441729421925 1.461441835338015 1.461441835338015 
15.217127729169086 5.945657862440149 2.8567605035488195 1.6908582684659599 1.6908582684659599 
15.010707017764412 7.221284350213587 3.611439645799184 1.9365549343239503 1.9365549343239503 
14.74384420985038 8.628705365454126 4.461935824209956 2.194434468645894 2.194434468645894 
14.41965715989279 10.17291329924269 5.408914666208379 2.5882277022960225 2.5882277022960225 
14.04140995835428 11.857632141539096 6.4510047428230965 3.2154238262929673 3.2154238262929673 
13.612542340565108 13.684804198136025 7.584435023376947 3.931497223433342 3.931497223433342 
13.136732542124903 15.654991783047876 8.803482776311977 4.738827596054938 4.738827596054938 
12.617782070472687 17.76704788011076 10.101146058740545 5.6386244404852945 5.6386244404852945 
12.059686530493954 20.017491139848104 11.572962679882988 6.690821754547845 6.690821754547845 
11.466905627014102 22.400763834838504 13.397196259225371 8.012444081440682 8.012444081440682 
10.8439773083878 24.909656966140773 15.394041812870963 9.51343985421145 9.51343985421145 
10.195686349119162 27.53500873532306 17.565164253206483 11.205189662653758 11.205189662653758 
9.527087967317211 30.26426675405623 19.90926776237871 13.097259089581833 13.097259089581833 
8.84381280833999 33.08407436950386 22.423510927246603 15.198062871235418 15.198062871235418 
8.15161417282798 35.9785065213295 25.10219576750446 17.513796243225336 17.513796243225336 
7.456466509290235 38.92624195435233 27.93448254888931 20.046510428344924 20.046510428344924 
6.764758446873671 41.90314414942622 30.90575572586314 22.79460781225892 22.79460781225892 
6.083083654969073 44.879048419153584 33.99490974832284 25.750409812686723 25.750409812686723 
5.417937836373013 47.811869867190396 37.169167969300034 28.895482468425467 28.895482468425467 
4.776054634585577 50.64909768876136 40.38408647392121 32.19947668870366 32.19947668870366 
4.163601472653404 53.31810762105138 43.57459811724857 35.61164650806265 35.61164650806265 
3.5863487338590643 55.71654754268769 46.644959584467294 39.05037821967732 39.05037821967732 
3.0496920974882626 57.7067789439972 49.46102530488209 42.393511975158795 42.393511975158795 
2.5577798749544955 59.0956834483853 51.829021431378514 45.4558997507912 45.4558997507912 
2.1137713073617777 59.619093829515144 53.47605353936968 47.96598066926354 47.96598066926354 
1.7196659525641456 58.93374979202348 54.03565230682394 49.54464514014619 49.54464514014619 
1.3758593754762032 56.63012396378622 53.051908961773314 49.699786041226055 49.699786041226055 
1.0815619898592732 52.333452942743676 50.06953351755783 47.903550132811375 47.903550132811375 
0.8345557207369143 45.94027955033375 44.868341285925005 43.821414877211325 43.821414877211325 
0.6314855271878068 37.93236339919684 37.80312444633246 37.67432582213312 37.67432582213312 
0.4681664297189878 29.414906026461345 29.900814386115854 30.394749524226487 30.394749524226487 
0.3397237239321536 21.59704996746715 22.384161563287627 23.19995970033518 23.19995970033518 
0.24109595764339434 15.206855866205382 16.06408972706065 16.969647179502655 16.969647179502655 
0.16719743641326562 10.381434557996718 11.173514633605231 12.026028635052317 12.026028635052317 
0.11318725730076767 6.916590098609116 7.582131767435135 8.31171448924083 8.31171448924083 
0.07475321480358173 4.511894132130458 5.035951386268389 5.620877977667322 5.620877977667322 
0.048118307861362945 2.883602615068086 3.275992807814883 3.7217780358412673 3.7217780358412673 
0.030157970339717684 1.804354796561023 2.0858388090284756 2.411235055068721 2.411235055068721 
0.0183950344537611 1.1044409539947075 1.298743919368474 1.5272303711626651 1.5272303711626651 
0.010906747020888107 0.6601527382151103 0.7894469551087464 0.9440640913124461 0.9440640913124461 
0.006280126190262559 0.3846898190558613 0.4676986547849332 0.5686192377653548 0.5686192377653548 
0.00351008555128961 0.21828368398124823 0.2697347684300089 0.33331325536104073 0.33331325536104073 
0.0019017445010852095 0.12037999406340617 0.15115316909924026 0.1897930026205972 0.1897930026205972 
0.000997950683510488 0.064431971771767 0.08218683565180288 0.10483422699499384 0.10483422699499384 
0.0005069519385046421 0.03343762692398443 0.04331797922632012 0.05611783780343417 0.05611783780343417 
0.00024891473001323707 0.016793974200557678 0.022090999546297622 0.02905877162406956 0.02905877162406956 
0.00011802354956747163 0.008152949195511952 0.010886946693518565 0.014537758725733381 0.014537758725733381 
5.401140568370209e-05 0.003822772987725823 0.005180869201974534 0.007021449030363756 0.007021449030363756 
2.3819566378219772e-05 0.0017282830482137814 0.0023767190984331685 0.0032684424456370883 0.0032684424456370883 
1.0112503742835921e-05 0.0007524646413653031 0.0010497762856886371 0.0014645608436758724 0.0014645608436758724 
4.130185416629545e-06 0.00031524632444900633 0.00044608720109147324 0.0006312327077101683 0.0006312327077101683 
1.6206518942647056e-06 0.00012691499454356987 0.00018211914817922018 0.0002613354257533251 0.0002613354257533251 
6.101910885608829e-07 4.9029695206864855e-05 7.133309392490337e-05 0.00010378221335927529 0.00010378221335927529 
2.2028728671397794e-07 1.8161379253489085e-05 2.6784800469125652e-05 3.950281122140241e-05 3.950281122140241e-05 
7.615704525534362e-08 6.442388597791624e-06 9.629748392943133e-06 1.4394048527774045e-05 1.4394048527774045e-05 
2.517556838475794e-08 2.1851268771909094e-06 3.30975563736098e-06 5.013201976228185e-06 5.013201976228185e-06 
7.951355891521601e-09 7.080027885636492e-07 1.0865014769271813e-06 1.667345776645654e-06 1.667345776645654e-06 
2.3969815389598352e-09 2.189209899527048e-07 3.4031853958707675e-07 5.290342804118579e-07 5.290342804118579e-07 
6.885070183491281e-10 6.449403974813332e-08 1.0154283308439948e-07 1.598744161642417e-07 1.598744161642417e-07 
1.8820968096005602e-10 1.8079824451578163e-08 2.88260958547067e-08 4.595972734415609e-08 4.595972734415609e-08 
4.8914063653580827e-11 4.817671374267651e-09 7.777192908913266e-09 1.2554764500026787e-08 1.2554764500026787e-08 
1.2071252901781905e-11 1.2187525604104482e-09 1.991723956616067e-09 3.2549382444147456e-09 3.2549382444147456e-09 
2.8259512198557234e-12 2.924067860824038e-10 4.836869710432904e-10 8.000945842997705e-10 8.000945842997705e-10 
6.266796089664168e-13 6.644223114312572e-11 1.1122987785111209e-10 1.8620816179580331e-10 1.8620816179580331e-10 
1.3140690201057657e-13 1.4272869171076271e-11 2.4178386471982436e-11 4.09584341719613e-11 4.09584341719613e-11 
2.6029880117475298e-14 2.895827071653639e-12 4.9632635571946e-12 8.506718297964164e-12 8.506718297964164e-12 
4.8636561310574536e-15 5.540912475445288e-13 9.607181213173613e-13 1.6657532720788665e-12 1.6657532720788665e-12 
8.561897128645679e-16 9.986354672999316e-14 1.7513957615676554e-13 3.071578382781276e-13 3.071578382781276e-13 
1.417998398609566e-16 1.69292759796123e-14 3.002771198198547e-14 5.326060535364508e-14 5.326060535364508e-14 
2.2064245765241052e-17 2.6957939484384428e-15 4.835287314794053e-15 8.672770940134837e-15 8.672770940134837e-15 
3.218625701582269e-18 4.023665711054812e-16 7.297189331062887e-16 1.3233945351642718e-15 1.3233945351642718e-15 
4.399609608464795e-19 5.62627789759978e-17 1.031574508533298e-16 1.8913853635094875e-16 1.8913853635094875e-16 
5.633614022084013e-20 7.367651761506835e-18 1.3655352466907826e-17 2.5309102144283352e-17 2.5309102144283352e-17 
6.733017750269697e-21 9.003285181635667e-19 1.6866269358593057e-18 3.1596360254905744e-18 3.1596360254905744e-18 
7.508027910355981e-22 1.0263219192463417e-19 1.943106890238839e-19 3.6788305073579953e-19 3.6788305073579953e-19 
7.797168041953454e-23 1.0893434061514108e-20 2.0841302122266243e-20 3.987354875412047e-20 3.987354875412047e-20 
7.530057123658286e-24 1.0749941543766081e-21 2.0780978032181127e-21 4.017222291077712e-21 4.017222291077712e-21 
6.755789693225003e-25 9.853005871088847e-23 1.9243422543606642e-22 3.7583384810351857e-22 3.7583384810351857e-22 
nan nan nan nan nan 
