31.63167023019689 7.1514992095348475 1.663562556265784 0.38697345794568744 0.38697345794568744 
24.403529042155352 8.922345969844061 2.0754921778767734 0.5083099381262194 0.5083099381262194 
21.826184100092817 7.399817428068633 1.72132567394056 0.5271400987813503 0.5271400987813503 
20.267381694652283 5.954848585092415 1.418580324538308 0.4746489268815847 0.4746489268815847 
19.09151973975429 4.837326847436907 1.2708882727862651 0.4185013165066206 0.4185013165066206 
18.109027547648623 3.9722150319989407 1.1325573035770906 0.3737155575626429 0.3737155575626429 
17.242387165398814 3.2774017319421556 1.0094129353074253 0.3418721398585666 0.3418721398585666 
16.452807856642867 2.6953462125709358 0.8972718628284314 0.32187786697417703 0.32187786697417703 
15.718231979339835 2.187900941138479 0.790461874095781 0.3125848287890562 0.3125848287890562 
15.024830646358126 1.7296401554411955 0.6837321279222848 0.3131582959307077 0.3131582959307077 
14.363609624455439 1.30308480095797 0.5728027813921442 0.3230585927700615 0.3230585927700615 
13.728382613427376 0.8957424352137984 0.45394241215222064 0.34207003521283935 0.34207003521283935 
13.906486094927867 0.8460695335683575 0.34354920549129436 0.39217674439897215 0.39217674439897215 
14.33784983083467 1.0174666643925057 0.27104304647418603 0.4653125408282492 0.4653125408282492 
14.688545683854002 1.202495410662531 0.34406123363637214 0.5550740990784877 0.5550740990784877 
14.960590344311331 1.3995252947033554 0.42805222886908306 0.6632803331809839 0.6632803331809839 
15.156192605847936 1.6066697940345636 0.5231122442331461 0.7915019475043961 0.7915019475043961 
15.27753100911111 2.2853251174865896 0.8487335050973153 0.9408383626341541 0.9408383626341541 
15.326981523675279 3.1126298063908977 1.273578854816368 1.1117160754521804 1.1117160754521804 
15.30696273876894 4.0448525031444404 1.7761671464694186 1.3039738299162955 1.3039738299162955 
15.21988399795412 5.089388291781083 2.36250708438337 1.516566165646284 1.516566165646284 
15.068447817833247 6.253251115832454 3.0376446419136847 1.7474638619436693 1.7474638619436693 
14.855490001450764 7.542633289048472 3.8052783095742697 1.9933343105380994 1.9933343105380994 
14.583803996631838 8.963577697028823 4.667799271924781 2.250013742163323 2.250013742163323 
14.256439992965275 10.520912790487634 5.625687843099207 2.7197314743521157 2.7197314743521157 
13.876656945527062 12.218272849108956 6.677402357563515 3.359943998901875 3.359943998901875 
13.447741243747346 14.057673253194823 7.819261869377873 4.088800719237675 4.088800719237675 
12.97319426756509 16.03974673881121 9.045694101894332 4.908614244463603 4.908614244463603 
12.45681944215588 18.163225450141038 10.34991099294549 5.820573629292792 5.820573629292792 
11.902638723230805 20.424775730101494 11.889500922368121 6.921017594071276 6.921017594071276 
11.31482300870968 22.818795574850466 13.733362049588976 8.265345669381443 8.265345669381443 
10.697811576071619 25.337963925261793 15.749493068976058 9.789521078385624 9.789521078385624 
10.056524425411256 27.973414846214162 17.93961668831818 11.504846608576987 11.504846608576987 
9.395708248379673 30.712442533349666 20.30221750837478 13.420620496392834 13.420620496392834 
8.720926816464264 33.54129818170329 22.8340672072596 15.544855252801993 15.544855252801993 
8.037920597909729 36.44435336023779 25.529535572626102 17.88362603423426 17.88362603423426 
7.352491147100634 39.40018429877687 28.377584799332624 20.438668838112854 20.438668838112854 
6.67080301829156 42.38362599701198 31.362717688073946 23.207548614438295 23.207548614438295 
5.999468025873588 45.36492713720449 34.46396650726264 26.182451121796614 26.182451121796614 
5.3447339919920225 48.30162571672375 37.648108054904 29.344354751665847 29.344354751665847 
4.713104202711181 51.1400772658027 40.86963089053472 32.66179517967789 32.66179517967789 
4.110668252865747 53.80794117704852 44.06347907291444 36.08371079689895 36.08371079689895 
3.542946052233233 56.20237328630242 47.13330542214487 39.527663159353175 39.527663159353175 
3.015157969894545 58.18532251971478 49.94442473913479 42.870700968924126 42.870700968924126 
2.531327398743447 59.564329010918215 52.30347899951759 45.927721521911685 45.927721521911685 
2.094444360151353 60.07574366280044 53.93800318272621 48.42733539295758 48.42733539295758 
1.7064400524185848 59.377761905850655 54.48300954312757 49.99175168614843 49.99175168614843 
1.3676635179296581 57.06272966648086 53.48481092229801 50.13123305025353 50.13123305025353 
1.0773281874179508 52.7567805130568 50.489879686869315 48.320385095592194 48.320385095592194 
0.8332791578746358 46.354228151225875 45.27712739963554 44.22505448423939 44.22505448423939 
0.6322594476935891 38.32998293486675 38.19568617365786 38.06185994801121 38.06185994801121 
0.4702184880552928 29.782433867038232 30.26577000802301 30.756950162906215 30.756950162906215 
0.34243139080338053 21.920774943375065 22.70907889150125 23.525731432057967 23.525731432057967 
0.24399621062033783 15.479982382344895 16.342126069145447 17.252286072653042 17.252286072653042 
0.16996832582209054 10.603840302348289 11.40365298368142 12.263792896185665 12.263792896185665 
0.11563699413810229 7.0925600721255675 7.7674831237969855 8.50663138061932 8.50663138061932 
0.07679370988600469 4.647642859430755 5.181619378072187 5.7769454734957195 5.7769454734957195 
0.049730352720411757 2.98553970007484 3.3874664894275655 3.8435024718335065 3.8435024718335065 
0.031375648044111026 1.8789497559484838 2.1689789913223994 2.50377629838385 2.50377629838385 
0.019276732756585948 1.1575398727956407 1.3590556419886717 1.595653230985787 1.595653230985787 
0.011518831598764347 0.6968063938773609 0.8318630117933767 0.993096614024096 0.993096614024096 
0.006689479847438882 0.4092639694633885 0.4966642955357455 0.6027293895024519 0.6027293895024519 
0.00377337526716408 0.2342329382684027 0.28887655485469266 0.3562678441453567 0.3562678441453567 
0.0020644896339977355 0.13037733591915227 0.16336542249114974 0.20470015802640268 0.20470015802640268 
0.0010950153688251724 0.07049909618103038 0.08972791501196609 0.11420144609685036 0.11420144609685036 
0.0005626275425453233 0.036988774688112944 0.04780744754939806 0.061790423188118004 0.061790423188118004 
0.00027960021813102796 0.01879520703390194 0.024663407104092032 0.03236376427697673 0.03236376427697673 
0.00013432628625530978 0.009241527042203726 0.012309256564626773 0.016395320435882915 0.016395320435882915 
6.233252945125394e-05 0.004392343098613262 0.0059370559357971794 0.008025018172171732 0.008025018172171732 
2.7893380561717138e-05 0.0020143185588425224 0.002762468096398009 0.0037884921181493437 0.0037884921181493437 
1.203055874593344e-05 0.0008906753819660363 0.0012390615434739025 0.0017237183597990956 0.0017237183597990956 
4.9966923281621976e-06 0.0003793575367463749 0.0005352283028665086 0.0007551433896537721 0.0007551433896537721 
1.995199344217649e-06 0.00015537280938287052 0.0002222784386360613 0.00031799453507167094 0.00031799453507167094 
7.653985056005675e-07 6.11393610139096e-05 8.867323380301583e-05 0.00012860687882059217 0.00012860687882059217 
2.8187477805443705e-07 2.3097000594042792e-05 3.3954408607189656e-05 4.991565286452618e-05 4.991565286452618e-05 
9.948936200408257e-08 8.362928692110597e-06 1.245918566660059e-05 1.8561835594899592e-05 1.8561835594899592e-05 
3.36181976195846e-08 2.8987032396284437e-06 4.375719793291355e-06 6.605341122072226e-06 6.605341122072226e-06 
1.0869077549056121e-08 9.61184980570607e-07 1.4699176029395861e-06 2.24791044711184e-06 2.24791044711184e-06 
3.3575139492204298e-09 3.0450069156012433e-07 4.7167434218292573e-07 7.306278482778658e-07 7.306278482778658e-07 
9.89178050605378e-10 9.199549652891893e-08 1.443171716171204e-07 2.2639636514183322e-07 2.2639636514183322e-07 
2.7776127528174953e-10 2.648537873506986e-08 4.207134344642498e-08 6.682924783111952e-08 6.682924783111952e-08 
7.429152878412819e-11 7.261323774866125e-09 1.1677710997873746e-08 1.8780175402986446e-08 1.8780175402986446e-08 
1.889443239242086e-11 1.8926710002370217e-09 3.081153881790357e-09 5.015932109744853e-09 5.015932109744853e-09 
4.562757203667839e-12 4.683444490298437e-10 7.716780818563455e-10 1.2714724456562164e-09 1.2714724456562164e-09 
1.0447440207110709e-12 1.0987018931984143e-10 1.8319807006179345e-10 3.0546532305196364e-10 3.0546532305196364e-10 
2.26545086014366e-13 2.4404471215978997e-11 4.117369367525452e-11 6.9465674378296e-11 6.9465674378296e-11 
4.6480168521324613e-14 5.127802071766384e-12 8.752491009455681e-12 1.493936345406052e-11 1.493936345406052e-11 
9.013147949214742e-15 1.0180965553119928e-12 1.7578480576430753e-12 3.0351048509466778e-12 3.0351048509466778e-12 
1.6492846012996061e-15 1.907061655237178e-13 3.3303687064047825e-13 5.815939767936266e-13 5.815939767936266e-13 
2.8444827961100937e-16 3.366141657131478e-14 5.944834054284377e-14 1.0498979405131687e-13 1.0498979405131687e-13 
4.618174715584622e-17 5.591947849657429e-15 9.986102147502592e-15 1.7833184210840775e-14 1.7833184210840775e-14 
7.048112458609878e-18 8.730359132726263e-16 1.5762950642952736e-15 2.846052598692732e-15 2.846052598692732e-15 
1.0096354069365787e-18 1.279058721719369e-16 2.3346217572284646e-16 4.261304549018493e-16 4.261304549018493e-16 
1.354380102520755e-19 1.7545581049942776e-17 3.237156370054043e-17 5.972547352152606e-17 5.972547352152606e-17 
1.700545035402185e-20 2.2523191068763256e-18 4.199968584788865e-18 7.83181035909135e-18 7.83181035909135e-18 
1.9982822551690683e-21 2.7051304671394592e-19 5.097719087036167e-19 9.606464533229164e-19 9.606464533229164e-19 
2.1885816894758454e-22 3.027780726508186e-20 5.76548764551591e-20 1.097861793609205e-19 1.097861793609205e-19 
2.2347511920490037e-23 3.1587802568275435e-21 6.0772673613478306e-21 1.1692227878616889e-20 1.1692227878616889e-20 
2.124472133783559e-24 3.0674450843980197e-22 5.962073686930648e-22 1.1588250700620681e-21 1.1588250700620681e-21 
1.8755196222493649e-25 2.7656843791583366e-23 5.430127286227889e-23 1.0661477703977934e-22 1.0661477703977934e-22 
