0.0005868539917696984 3.175514837526231e-05 2.700465489166102e-05 6.522827081928458e-06 6.522827081928458e-06 
0.01516600546690215 0.0008206449314747319 0.0007140022271627077 0.00016717106369854373 0.00016717106369854373 
0.06468624080795499 0.00350022527494482 0.0031739632724691433 0.0007383188196403244 0.0007383188196403244 
0.1588164304864448 0.008593686649925228 0.008217236719967642 0.0019114715562136744 0.0019114715562136744 
0.29614344543910737 0.016024563489670757 0.016214562634810643 0.0037717880510332487 0.0037717880510332487 
0.4690338103965736 0.025379802218339263 0.02705780701777699 0.006294114463359787 0.006294114463359787 
0.6681978656446247 0.03661341315629935 0.040160353184259465 0.00934199359410806 0.00934199359410806 
0.8852395397865096 0.054037668311542254 0.05444648077028987 0.012665194258728097 0.012665194258728097 
1.113531177515992 0.07557769456069495 0.06841436118482329 0.01620552321233993 0.01620552321233993 
1.3481748961029767 0.10140282875864788 0.08014344531417034 0.021535121597597948 0.021535121597597948 
1.5856817944329342 0.13163128446886438 0.08738309138420566 0.02753898277665089 0.02753898277665089 
1.8235708362937295 0.1663237804423034 0.08768899033905576 0.033831040668669356 0.033831040668669356 
2.184377493679195 0.21793549174036922 0.08319066463019323 0.04217290672147361 0.04217290672147361 
2.626720758394519 0.2853962310880078 0.07602673053915752 0.05090138029631027 0.05090138029631027 
3.1038570459452237 0.3657280689237593 0.1046431025462521 0.05749437614384974 0.05749437614384974 
3.6134558194092214 0.4599661667337504 0.1406830899162012 0.059764316455381786 0.059764316455381786 
4.152787792831862 0.5689873007270069 0.18525538037037464 0.0603169102584915 0.0603169102584915 
4.718712237369541 0.6936276336035015 0.2853495997488206 0.09853706646006262 0.09853706646006262 
5.307511928244297 0.8345125702561766 0.4744392436090117 0.17319551664112492 0.17319551664112492 
5.91481515747062 0.992031693240194 0.7144358925810682 0.2749047150319312 0.2749047150319312 
6.535415208614393 1.1663787432839263 1.0081650790290013 0.40782122388817726 0.40782122388817726 
7.163193593834499 1.3573619240122863 1.3562408593007047 0.5753864051750973 0.5753864051750973 
7.790966368981818 1.5642866915908238 1.7564937027026732 0.7798542218538923 0.7798542218538923 
8.410440738130642 1.8085191190429384 2.2036241393297944 1.021855991755869 1.021855991755869 
9.012011936316824 2.1063112713191363 2.6887920395826423 1.299893016106577 1.299893016106577 
9.58500865449832 2.426841958363704 3.199374666130551 1.6098655036906369 1.6098655036906369 
10.117267902992767 2.7664550800214363 3.719226319474304 1.9448351396989545 1.9448351396989545 
10.595615509391699 3.1200402939909164 4.229177612564949 2.294948429336726 2.294948429336726 
11.006058372516593 3.480888856288151 4.709085282779338 2.6482911431526897 2.6482911431526897 
11.334065238297788 3.8405936967524705 5.1402827266934 2.9922187165161303 2.9922187165161303 
11.565076591502729 4.189062275793151 5.509320873647895 3.3157533646760053 3.3157533646760053 
11.685512565155163 4.514789424507581 5.813155230675698 3.906491029401639 3.906491029401639 
11.683709548270755 4.805251232679347 6.06371730787523 5.40519106773085 5.40519106773085 
11.550548619653789 5.0473201335641456 6.291085546341616 6.980250704428053 6.980250704428053 
11.281560020364035 5.228486285543382 6.543330672370875 8.395195382907593 8.395195382907593 
10.87749934816077 5.337702897546071 6.880415944390944 9.256968359576955 9.256968359576955 
10.344843374431314 5.3663410888844805 7.366322007323851 8.912906053799258 8.912906053799258 
9.696859672412117 5.309605701757457 8.056307393438606 6.296852775982454 6.296852775982454 
8.953152810897242 5.167328609353043 8.98625768583826 6.826905793845523 6.826905793845523 
8.137704841407114 4.943843901467677 10.167770514264696 11.57896090085397 11.57896090085397 
7.278214301468193 4.648400188228093 11.581864993401075 25.83887795606634 25.83887795606634 
6.403146260728536 4.293962430231882 13.179687943040012 37.85404626229735 37.85404626229735 
5.539602592274907 3.896055139676614 14.883426572012432 45.42753629362111 45.42753629362111 
4.712099127794375 3.4718548234420115 16.58370650340566 49.302899223237105 49.302899223237105 
3.9401527862694605 3.0380975145106994 18.144570099373812 50.60179310224383 50.60179310224383 
3.2381182676470353 2.610262142897223 19.402173959117178 50.05181871356524 50.05181871356524 
2.6150133939353504 2.201650854622178 20.181102892025358 48.0662739993565 48.0662739993565 
2.074518126787961 1.8225232527225574 20.313849924137486 44.88840042342489 44.88840042342489 
1.6161961578299484 1.4802878412383746 19.67556057746853 40.70254320917856 40.70254320917856 
1.23598711762622 1.1792149238362846 18.243483036657327 35.731025797385755 35.731025797385755 
0.9273636486898629 0.9208766248941441 16.12074670612803 30.267074968283897 30.267074968283897 
0.6823049285888039 0.7046307490583232 13.54598604110918 24.687791992709666 24.687791992709666 
0.4918902478010419 0.5279045970641237 10.8297013206778 19.387822814559808 19.387822814559808 
0.3472584178781822 0.3870160455223839 8.260465577229585 14.688165199220112 14.688165199220112 
0.2398893134066193 0.27744220713843076 6.038371784286114 10.773703211095391 10.773703211095391 
0.16200137941221993 0.19430022499599478 4.248561627610458 7.680963760585397 7.680963760585397 
0.10688882236619364 0.13286109049508613 2.8892585550632504 5.342203089902632 5.342203089902632 
0.06883289963063183 0.08861359970097507 1.9045498765103033 3.6329121904915143 3.6329121904915143 
0.04322028460058721 0.057592771626684046 1.2191762737936498 2.4174977010277994 2.4174977010277994 
0.026446980032054306 0.0364568082100221 0.7590212696459271 1.5737369701078863 1.5737369701078863 
0.015750127953214316 0.02244726638305836 0.45956824394378093 1.0005412635736342 1.0005412635736342 
0.009121194703494982 0.013432924775613133 0.2706120674992438 0.620028583823913 0.620028583823913 
0.005133281146515296 0.007807710653253212 0.15493227421811281 0.37383634143472066 0.37383634143472066 
0.002803317072847965 0.004401374240120478 0.08613728546430272 0.21880382305045437 0.21880382305045437 
0.0014846788387324788 0.0024050304125496588 0.04647814166631221 0.12413745794386055 0.12413745794386055 
0.0007619570687834742 0.0012728631896649285 0.02431861141599301 0.0681897886692759 0.0681897886692759 
0.00037832115542351427 0.0006514371814598855 0.012317771205022011 0.0362004732852968 0.0362004732852968 
0.0001816321777519466 0.0003222322179127982 0.006035734797763378 0.018559200283312233 0.018559200283312233 
8.424574833561722e-05 0.00015392095884653973 0.002858316299768803 0.009181463812474004 0.009181463812474004 
3.768789347670188e-05 7.088267481792068e-05 0.0013059405850086776 0.004375739779845971 0.004375739779845971 
1.6252386930035124e-05 3.145314029003742e-05 0.0005752664666013627 0.00200772610146279 0.00200772610146279 
6.749981016061211e-06 1.3436410380255306e-05 0.00024408843563916257 0.0008862833175600635 0.0008862833175600635 
2.6954801092882144e-06 5.516717806368898e-06 9.959062015554774e-05 0.0003757813357477485 0.0003757813357477485 
1.0341900409640235e-06 2.1754226912097455e-06 3.9041259485156447e-05 0.00015290910204861035 0.00015290910204861035 
3.8095109255068955e-07 8.232853619541702e-07 1.4693809888741987e-05 5.9678386067585e-05 5.9678386067585e-05 
1.3449860592401457e-07 2.9852472773801467e-07 5.300684609675177e-06 2.230592631790991e-05 2.230592631790991e-05 
4.5463695531035145e-08 1.0359915894357321e-07 1.8306135381877293e-06 7.97427455529941e-06 7.97427455529941e-06 
1.4704452914322228e-08 3.438910718886433e-08 6.048598351669081e-07 2.725011930795716e-06 2.725011930795716e-06 
4.544243092426545e-09 1.0903589530980064e-08 1.9094802699610385e-07 8.890957153335966e-07 8.890957153335966e-07 
1.3394365396347152e-09 3.296287050487623e-09 5.7491305761143055e-08 2.764867859334638e-07 2.764867859334638e-07 
3.7629734861566834e-10 9.494925113353621e-10 1.6496186963289947e-08 8.187961725878813e-08 8.187961725878813e-08 
1.0069711768305036e-10 2.604359193028436e-10 4.507869443886721e-09 2.307649554981734e-08 2.307649554981734e-08 
2.5623534071508286e-11 6.790715729163928e-11 1.1712221319390267e-09 6.179829904350287e-09 6.179829904350287e-09 
6.191110033063684e-12 1.680777007472254e-11 2.889161691004296e-10 1.5704143168379054e-09 1.5704143168379054e-09 
1.4183907899690552e-12 3.943464588110829e-12 6.757068331376392e-11 3.7817049978141716e-10 3.7817049978141716e-10 
3.0774218742055886e-13 8.759672928223088e-13 1.4964191373323566e-11 8.618675399715573e-11 8.618675399715573e-11 
6.317525847625466e-14 1.840551047938311e-13 3.1350976316557804e-12 1.8572296136354243e-11 1.8572296136354243e-11 
1.2257678081300462e-14 3.654205292394584e-14 6.206961501736228e-13 3.780062678248001e-12 3.780062678248001e-12 
2.2442848581304464e-15 6.844364743600662e-15 1.1594544383795233e-13 7.25568477312149e-13 7.25568477312149e-13 
3.8729209770857635e-16 1.2079621631484334e-15 2.0410525225216202e-14 1.3118396432196786e-13 1.3118396432196786e-13 
6.291527763017347e-17 2.0064202417835625e-16 3.3817664887844974e-15 2.2314390752700528e-14 2.2314390752700528e-14 
9.607503904518335e-18 3.1319973255059363e-17 5.266251131851156e-16 3.565898430548009e-15 3.565898430548009e-15 
1.3770651122848933e-18 4.587822066047224e-18 7.696276097963669e-17 5.345585818064607e-16 5.345585818064607e-16 
1.8483343575239795e-19 6.291763402705058e-19 1.0531744836347992e-17 7.501150275865632e-17 7.501150275865632e-17 
2.3220891585381523e-20 8.074416218843281e-20 1.3487468354280858e-18 9.847191701367414e-18 9.847191701367414e-18 
2.730198528610098e-21 9.695486281481162e-21 1.6161702919117678e-19 1.209018872056446e-18 1.209018872056446e-18 
2.9919046037694457e-22 1.0848532477416446e-21 1.8048580159354545e-20 1.3830477182838764e-19 1.3830477182838764e-19 
3.0567372649122796e-23 1.1314515654947553e-22 1.878810897564857e-21 1.4742343872184973e-20 1.4742343872184973e-20 
2.9075032969362733e-24 1.0984019661558464e-23 1.820588686086209e-22 1.4623067458830864e-21 1.4623067458830864e-21 
2.5682121279433035e-25 9.900238995993434e-25 1.638056774733373e-23 1.3463888921099314e-22 1.3463888921099314e-22 
