4.811038124670298e-06 5.1019084251201834e-05 3.650228424111412e-05 1.356400555096809e-05 1.356400555096809e-05 
0.00017145750695488104 0.0013788936056857658 0.0009732919620190001 0.00036080729640544125 0.00036080729640544125 
0.0011141180650368005 0.006396683516528383 0.004393812475619015 0.0016194441785138162 0.0016194441785138162 
0.004039935694279058 0.017606979977747367 0.011602762767004737 0.004232750641944767 0.004232750641944767 
0.010464482584515737 0.037575181997708255 0.023402420767148324 0.008400472854383261 0.008400472854383261 
0.02172390442944007 0.06894569243946505 0.039929697410916926 0.014004682890813748 0.014004682890813748 
0.038658092527433394 0.11443706733425044 0.06052926581105612 0.020574274698839837 0.020574274698839837 
0.061548061947018555 0.1768179898650509 0.08366428833807976 0.02729221418311886 0.02729221418311886 
0.09020515119650326 0.2588508404990629 0.10688579106760526 0.03306662116992096 0.03306662116992096 
0.12410791321867314 0.36321027748442186 0.12686663382491414 0.03665448001182449 0.03665448001182449 
0.16252118627916443 0.4923668450243415 0.1395180404245452 0.03684124086831414 0.03684124086831414 
0.20459231301977665 0.6484216235403519 0.15083409813660018 0.0350866231703726 0.0350866231703726 
0.2644638336343997 0.8831882356450669 0.2178450022336231 0.05373310363843989 0.05373310363843989 
0.3390284408883821 1.1985508506011513 0.3192820809467258 0.08505358547160637 0.08505358547160637 
0.42261431638725555 1.5857096357217948 0.45370752238873635 0.1298160213161757 0.1298160213161757 
0.514278390570755 2.049928402884392 0.6269814666427264 0.19176560457445108 0.19176560457445108 
0.6128278970475673 2.593898093415875 0.8445418330492785 0.2749726018846652 0.2749726018846652 
0.7168495865362027 3.216909262150492 1.1108647148604391 0.38360435876796434 0.38360435876796434 
0.8247307184689691 3.914164871026482 1.4288780200793176 0.5216163507518171 0.5216163507518171 
0.9347023631408813 4.676604441353352 1.799490513589259 0.6924182169148024 0.6924182169148024 
1.0448652923325246 5.490917046359194 2.2211764290342426 0.8985065130730024 0.8985065130730024 
1.153223351257355 6.340082668957731 2.6897857783797194 1.1411440372847967 1.1411440372847967 
1.2577197581607689 7.2040195224197445 3.198465801632246 1.4200660412389903 1.4200660412389903 
1.3562848230635232 8.061358597277938 3.738181769431195 1.733455071211733 1.733455071211733 
1.446885746270959 8.890299016537893 4.298003502156523 2.0778642057130186 2.0778642057130186 
1.5275613746396541 9.669869633056768 4.865697572792029 2.4483280300843377 2.4483280300843377 
1.5964787862866852 10.381020084282712 5.428379698250603 2.838575198693046 2.838575198693046 
1.6519769546858105 11.007341258186399 5.973095208060447 3.2412792088207727 3.2412792088207727 
1.6926527278059338 11.535400273063145 6.487268023705006 3.64830395263 3.64830395263 
1.7173793738615792 11.954849348786233 6.959057677665847 4.050948895144119 4.050948895144119 
1.725358478262554 12.258222067261094 7.377541079315305 4.440131046601765 4.440131046601765 
1.7161816389278495 12.44131463608243 7.733233783420745 4.806799482073938 4.806799482073938 
1.6898696520597867 12.502450701737889 8.017940408306174 5.388780288672866 5.388780288672866 
1.646833631183494 12.442048302329876 8.224717738073577 6.136471339519115 6.136471339519115 
1.5879615081362788 12.263304017350167 8.348547113420354 6.843220865775519 6.843220865775519 
1.5145879669971027 11.971452423398867 8.386089814193596 7.485577902704773 7.485577902704773 
1.428383487358197 11.573135320898285 8.335433826210249 8.042772764220196 8.042772764220196 
1.3314444399088623 11.077282471673897 8.196884403770712 8.497448522297985 8.497448522297985 
1.2261619530655223 10.49496786183825 7.9730806089746125 8.836249558844855 8.836249558844855 
1.1150434845899082 9.837820951155798 7.6679685351806866 9.048403356099287 9.048403356099287 
1.0008030827627332 9.119828132590422 7.288295784670727 9.127070307333877 9.127070307333877 
0.8860980350824479 8.35616640762778 6.842888904088971 9.068790639213583 9.068790639213583 
0.773420000210932 7.5620837284453035 6.341831868646591 8.872202849939423 8.872202849939423 
0.6651383800611154 6.7546364024442616 5.879188731236039 8.541845465832758 8.541845465832758 
0.5632317684799406 5.9502027101016335 5.356062023607303 8.0867760939207 8.0867760939207 
0.46929841345922724 5.164457918421709 4.785601070048356 7.5210812241833365 7.5210812241833365 
0.3845293256444392 4.412874323614567 4.188514106419246 6.866833515765431 6.866833515765431 
0.3096039223245683 3.7082728913917244 3.587867442839723 6.149413837353424 6.149413837353424 
0.24478834220167953 3.0615884395312736 3.0068957917912655 5.397420669263729 5.397420669263729 
0.1899233133226005 2.4810194173593967 2.4655758448152962 4.640705710863376 4.640705710863376 
0.1444874903237664 1.9712837195978388 1.9777678772298701 3.9055318034874285 3.9055318034874285 
0.10771132105036571 1.5342429855976598 1.5591420615866258 3.215093199174926 3.215093199174926 
0.07861380416254331 1.1684689511994872 1.2104888473880477 2.58696126456977 2.58696126456977 
0.056137339414569824 0.8699886804065874 0.9184419169720199 2.032676163042997 2.032676163042997 
0.039191692455960894 0.6327238243170527 0.6804480943966676 1.5584607817168787 1.5584607817168787 
0.026725139948342424 0.4490325573438323 0.4917621811778812 1.1647493068940002 1.1647493068940002 
0.01779065024313423 0.3107527181468246 0.3464556883648777 0.8478622304343466 0.8478622304343466 
0.01155018071031539 0.20952227621574834 0.23772910789015536 0.6006153001828209 0.6006153001828209 
0.0073066142505202256 0.13750667332076674 0.15873180464520767 0.4136324953863821 0.4136324953863821 
0.004501611220795439 0.08779910528403588 0.10308402518320209 0.27678268471446965 0.27678268471446965 
0.0026977350732982344 0.05448061723870003 0.0650401757773245 0.17977490307115052 0.17977490307115052 
0.0015713748804106272 0.032828389113702366 0.03983905246804016 0.11324648297453464 0.11324648297453464 
0.0008890867481224332 0.019198855104682076 0.023677708014915595 0.06915359463927974 0.06915359463927974 
0.000487951031852225 0.010883158519451333 0.01363681637635876 0.040886480961642636 0.040886480961642636 
0.00025962384701658746 0.005976512639313152 0.007606622598269939 0.023392023648901385 0.023392023648901385 
0.00013381855987950654 0.0031773510423184366 0.004106679515136257 0.012942902610766012 0.012942902610766012 
6.671184347891675e-05 0.0016328284032790686 0.0021426266584112126 0.00691587830764568 0.00691587830764568 
3.2150508442476844e-05 0.0008106881165024428 0.0010797964421194871 0.0035668228187557397 0.0035668228187557397 
1.4965731875418688e-05 0.00038857026607697477 0.0005252238618187502 0.0017744038438583523 0.0017744038438583523 
6.7177390509724456e-06 0.00017951035486004366 0.00024618331896763515 0.0008501160630527533 0.0008501160630527533 
2.906213643751326e-06 7.988429305070548e-05 0.00011113089847419077 0.0003920098071195459 0.0003920098071195459 
1.2106837218111336e-06 3.421751782592068e-05 4.827684234600101e-05 0.00017387173104394308 0.00017387173104394308 
4.848597669953013e-07 1.4084538224837594e-05 2.01495305257187e-05 7.405711895263612e-05 7.405711895263612e-05 
1.8654111267419615e-07 5.566718625710708e-06 8.073668648596885e-06 3.026591882691819e-05 3.026591882691819e-05 
6.889350989338626e-08 2.1112426114149025e-06 3.103692793573425e-06 1.1861706664527622e-05 1.1861706664527622e-05 
2.4384338485320504e-08 7.671170965699562e-07 1.1428597188931123e-06 4.451289102692256e-06 4.451289102692256e-06 
8.26214637510479e-09 2.667219722611839e-07 4.026285262228393e-07 1.5974435353051269e-06 1.5974435353051269e-06 
2.678343479425415e-09 8.868955813042311e-08 1.3563085704424002e-07 5.47902404490631e-07 5.47902404490631e-07 
8.295174012966136e-10 2.8166992398950368e-08 4.3630927545604946e-08 1.794006089677815e-07 1.794006089677815e-07 
2.450165082615415e-10 8.529001085890805e-09 1.337979966278219e-08 5.5980493892494804e-08 5.5980493892494804e-08 
6.897262419349236e-11 2.460449051861734e-09 3.908360085341732e-09 1.6632928609063638e-08 1.6632928609063638e-08 
1.8492628851359174e-11 6.757870540233376e-10 1.0868054032110042e-09 4.702607855288343e-09 4.702607855288343e-09 
4.7143768594519745e-12 1.7643006375675618e-10 2.872174697771418e-10 1.2632031616424514e-09 1.2632031616424514e-09 
1.1411063430259697e-12 4.372224131979647e-11 7.203991717209582e-11 3.219529674332328e-10 3.219529674332328e-10 
2.618779610312994e-13 1.0270571825439732e-11 1.712519973342579e-11 7.775080268875622e-11 7.775080268875622e-11 
5.6912680471256e-14 2.284046400606112e-12 3.853499877393314e-12 1.7768615224309577e-11 1.7768615224309577e-11 
1.1702031874737564e-14 4.804332447761111e-13 8.200370444676764e-13 3.839141622525173e-12 3.839141622525173e-12 
2.273988769972381e-15 9.548040416250959e-14 1.6485670452799945e-13 7.834004396662316e-13 7.834004396662316e-13 
4.1696871394403275e-16 1.7900706075438254e-14 3.1260631334321067e-14 1.5074393231054096e-13 1.5074393231054096e-13 
7.205857059366191e-17 3.162131557511634e-15 5.584538406871989e-15 2.7320365573338247e-14 2.7320365573338247e-14 
1.1722114042181295e-17 5.256744484625663e-16 9.387495877667855e-16 4.657992193063071e-15 4.657992193063071e-15 
1.792438475239334e-18 8.212249997170372e-17 1.4827487552916016e-16 7.460331570856541e-16 7.460331570856541e-16 
2.5724632279637146e-19 1.2038479629354892e-17 2.197342153991427e-17 1.120801245482937e-16 1.120801245482937e-16 
3.45717412857042e-20 1.6522375531045728e-18 3.0483751462265863e-18 1.5760738775225823e-17 1.5760738775225823e-17 
4.348579373654875e-21 2.1219433531834699e-19 3.9568529143421586e-19 2.073241391808542e-18 2.073241391808542e-18 
5.118876530323302e-22 2.5495989316693028e-20 4.8046256164500095e-20 2.550519521139324e-19 2.550519521139324e-19 
5.615971443895778e-23 2.8547515086758835e-21 5.4360061183394324e-21 2.9232638769659e-20 2.9232638769659e-20 
5.744017135404806e-24 2.9792406541441907e-22 5.731846002866651e-22 3.1217998386900072e-21 3.1217998386900072e-21 
5.469481441882375e-25 2.89393407820656e-23 5.624827093774448e-23 3.102130790366722e-22 3.102130790366722e-22 
4.8362653556391507e-26 2.6099140032315804e-24 5.124288711486664e-24 2.8612392745364545e-23 2.8612392745364545e-23 
