1.16782226435555 1.1677843779275818 1.1677847039809273 1.167781262853479 1.167778206289106 
6.125887632272462 6.124050663485334 6.123929494748105 6.123888489068776 6.123870172898195 
14.737065233327638 14.716459666406292 14.714911277504479 14.714591603201365 14.714442187844648 
25.868439353853162 25.764383866200617 25.756537738957707 25.754887693587243 25.75434232490584 
37.45423981817932 37.14230057486918 37.11892233495293 37.11406148349721 37.11254261846145 
47.54654788058918 46.88833717829117 46.83922765748978 46.82930090066029 46.826124750615364 
55.30690070504925 54.19461592990857 54.11252436564271 54.09596905398937 54.09060796499739 
60.84190837670118 59.1980412565195 59.078554404672936 59.05446469561925 59.04656564802459 
64.60570362028116 62.366003929803696 62.20638788596406 62.17422299339073 62.16335829316336 
67.05459621455454 64.1555641549974 63.95443889941739 63.91389329598156 63.899583074924976 
68.54789066102981 64.92147513437192 64.67866559486367 64.62965697321292 64.61144716681343 
69.34846415404124 64.91991724404916 64.63688417898139 64.57963400815743 64.55679666493832 
69.64471892551505 64.33203248449583 64.01260328749666 63.94774510973217 63.91931338655809 
69.57195718447426 63.286343037051466 62.93721566311113 62.86571559420791 62.83067698200436 
69.22696617945184 61.87378947543055 61.5059044656039 61.42928521078619 61.38608614425603 
68.67885921891073 60.15885580307636 59.788308245710176 59.708379180777385 59.65552324065722 
67.97586639031692 58.18637107801474 57.83561166173247 57.7551476194021 57.69056602783035 
67.15048668169821 55.98734620298322 55.68638630194933 55.60867006454587 55.529899921439096 
66.22349628587 53.58154330163893 53.36984316513038 53.29868591958956 53.20301773982392 
65.20650936791809 50.98103819092571 50.90902099293401 50.849091255611526 50.73339521229897 
64.10483087277001 48.192358821967105 48.322307085861624 48.278638054100576 48.139809414045146 
62.91935178849954 45.21644227485064 45.62635161488439 45.60393631759359 45.438472368305405 
61.647395331894735 42.05200073741437 42.83553221665414 42.83899070745322 42.643618087080384 
60.2841036029194 38.69489865727547 39.96471878638496 39.99734429489444 39.769800827629936 
58.82373158958585 35.138616100897906 37.02835618194265 37.091116692085485 36.829781396349105 
57.25964904492375 31.37592474839614 34.04224582133126 34.13169218523784 33.83728391280678 
55.58513296728929 27.39864555633099 31.023105395843793 31.12951476986072 30.805532630754815 
53.79402345998141 23.198957509842533 27.989108744290746 28.093314240005597 27.74757876973388 
51.88050217274467 18.769976830966435 24.95929986599054 25.029198019704733 24.67544185238671 
49.840013724624434 14.107050744806658 21.952890037492878 21.939495671389928 21.598693337534595 
47.67002768654244 9.209501260780387 18.98821836127586 18.821136483853017 18.523686275556646 
45.368698123124695 4.082351184199358 16.080575037825234 15.664258658652809 15.450793210386939 
42.93738739807558 -1.2623577054275577 13.239854937377695 12.450061214681524 12.372768607439932 
40.3800622559901 -6.8030867592900925 10.468203655199162 9.151130824748966 9.2735530027562 
37.703613621669156 -12.507543999339926 7.758478807368411 5.7322369418385 6.127735344573272 
34.91924744219683 -18.332367148411684 5.0954479371987915 2.1542856591283988 2.9037605157911615 
32.04268590119457 -24.222978761004697 2.4615650643666633 -1.6175888626529848 -0.428899087850151 
29.094582706554828 -30.115644290837515 -0.15184238259461608 -5.60172132629603 -3.8874116335655464 
26.10226645315019 -35.93766345216705 -2.7271016766088487 -9.78357320265647 -7.45815848722627 
23.09867107032562 -41.61079683685876 -5.2003635217494555 -14.097607079219202 -11.076696736952444 
20.123441686214814 -47.04712344857721 -7.4476498418307555 -18.411379205914592 -14.610587393996765 
17.221701352992323 -52.146828602582005 -9.290447641211482 -22.521471724414507 -17.85598760390373 
14.442574098272322 -56.78245525515452 -10.536973513914784 -26.16735757022681 -20.55791642177915 
11.836397717784294 -60.78147178652941 -11.065168477231246 -29.07273702857297 -22.467669425060574 
9.45163078790668 -63.88155455456809 -10.912260640096557 -31.00723055921972 -23.424988725242784 
7.329923796077526 -65.67010864063265 -10.28589888095332 -31.844388164627848 -23.42441531997874 
5.501828772351132 -65.48932148850551 -9.431404359120457 -31.55894352373717 -22.58437019145819 
3.9827671311936537 -62.34469836463803 -8.451979155004869 -30.13460771007121 -21.009522735894752 
2.7706379271169914 -55.04847596525468 -7.28623960364146 -27.481442715917563 -18.699916169792186 
1.8457506473138725 -43.27574198117233 -5.8806787608188555 -23.54376552846766 -15.665676560556102 
1.173659544912014 -29.44200636318483 -4.346097606344665 -18.59529061826874 -12.144237914588834 
0.7102120101291052 -17.639322547663898 -2.914190781969205 -13.374477682470545 -8.627153027539185 
0.40791525196690026 -9.717166390553269 -1.7758851345764761 -8.75648370487833 -5.615390495243898 
0.22187190602682932 -5.068497366269122 -0.9904407157770074 -5.265152539355926 -3.370532926458353 
0.11406538156402629 -2.529148413456449 -0.5097147765942208 -2.940529127467074 -1.8812862715868472 
0.05533833669962683 -1.2078762047634641 -0.2438341051717065 -1.5389266307528633 -0.9833807764634547 
0.02530107503866419 -0.550447276788825 -0.10901872826851951 -0.7585506896154394 -0.48356213915539736 
0.010890047904400346 -0.23847339007825108 -0.04570983887964124 -0.35283497636257916 -0.2241520030813211 
0.004409034388819688 -0.09788990407819412 -0.01800395797913958 -0.15487479800936574 -0.09798383719856728 
0.001678204042269996 -0.037972105922926276 -0.006665965992186675 -0.06409690380091174 -0.04037127984683292 
0.0006003847795885167 -0.013893584665785386 -0.00232037911565857 -0.024985394496396963 -0.01566599462772223 
0.0002018983957175899 -0.004789727539080593 -0.0007594544073860275 -0.00916594046344393 -0.005721973046940083 
6.384773674635116e-05 -0.0015551587931419426 -0.00023378439064441076 -0.0031634571054455778 -0.0019666807677328965 
1.900296824008883e-05 -0.0004756625262144148 -6.77316222835037e-05 -0.0010273618909721405 -0.0006362522968442142 
5.329563601238288e-06 -0.00013715770238764412 -1.8488514466780236e-05 -0.0003141784888106519 -0.00019389003072586787 
1.4108047799187989e-06 -3.7334940197130645e-05 -4.762310069544916e-06 -9.058796276170946e-05 -5.572678854892433e-05 
3.5322585758823283e-07 -9.611348354079882e-06 -1.1598581265182298e-06 -2.467050365826028e-05 -1.5132872035582714e-05 
8.385682974078e-08 -2.345527552406225e-06 -2.6775504393322996e-07 -6.3604950893970406e-06 -3.891464288170035e-06 
1.893280586338563e-08 -5.441465564465921e-07 -5.876110212565188e-08 -1.5567483863881453e-06 -9.502423145474934e-07 
4.07913298779658e-09 -1.2040575265043821e-07 -1.2300810563328762e-08 -3.6289077034102095e-07 -2.21053613603696e-07 
8.419191535229175e-10 -2.550794783354634e-08 -2.4657245957692068e-09 -8.08708701777173e-08 -4.9171625182428465e-08 
1.6718441304313162e-10 -5.195686382835412e-09 -4.753285366362432e-10 -1.730177466652691e-08 -1.0502712227897714e-08 
3.209195733151338e-11 -1.0223027614623755e-09 -8.853990338293298e-11 -3.5701510758570994e-09 -2.164047419412424e-09 
5.985501117056969e-12 -1.952984316710937e-10 -1.6018402340365275e-11 -7.14142542691863e-10 -4.323188911984501e-10 
1.090720338222658e-12 -3.642399074695322e-11 -2.83042536061232e-12 -1.392382752452735e-10 -8.419382691919123e-11 
1.953395958525641e-13 -6.670978243632661e-12 -4.913704102448181e-13 -2.661624613623437e-11 -1.6077879006724912e-11 
3.4596732683455154e-14 -1.2072658645284114e-12 -8.433712999021541e-14 -5.019238462390294e-12 -3.029210586449368e-12 
6.0993312148003884e-15 -2.1729615171955861e-13 -1.4405867958108795e-14 -9.398296850355043e-13 -5.667557584917735e-13 
1.0776588106172277e-15 -3.9163454543749784e-14 -2.4657549066372885e-15 -1.7592250791983373e-13 -1.060138486662787e-13 
1.9216609038995974e-16 -7.117549735973244e-15 -4.2592316042986973e-16 -3.315035011540035e-14 -1.9964584468794015e-14 
3.4833310471666023e-17 -1.3137771693397654e-15 -7.47906717473789e-17 -6.333902200277166e-15 -3.81244233046706e-15 
6.465708944089031e-18 -2.4810455832631784e-16 -1.3450045848470424e-17 -1.236073808157258e-15 -7.436450671225838e-16 
1.2381265410356044e-18 -4.8293377482036916e-17 -2.4959172914006544e-18 -2.4821262700779114e-16 -1.4926514937129301e-16 
2.4641868472470733e-19 -9.76149281640273e-18 -4.815683474505426e-19 -5.1670265239040784e-17 -3.10607911586057e-17 
5.135408473076529e-20 -2.0641777833628596e-18 -9.733978162221963e-20 -1.1233776769395465e-17 -6.750742857565063e-18 
1.1289204854548565e-20 -4.60022643247722e-19 -2.0767910359481995e-20 -2.5696240314744874e-18 -1.543722187364543e-18 
2.636871718892701e-21 -1.0883191825723044e-19 -4.711701961508588e-21 -6.229045284479846e-19 -3.7412007586756594e-19 
6.59055051214908e-22 -2.752651105944799e-20 -1.1449534057350986e-21 -1.6115688212330145e-19 -9.676976807213264e-20 
1.7747211701119552e-22 -7.494344579312934e-21 -3.0009977739186016e-22 -4.480443282930438e-20 -2.6898411100229777e-20 
5.1828018465076337e-23 -2.210804158642805e-21 -8.541631700818153e-23 -1.3473747670778398e-20 -8.087576823382009e-21 
1.6517035233357596e-23 -7.11066398664836e-22 -2.657018770183923e-23 -4.4101559131061926e-21 -2.646798834272336e-21 
5.777949669769681e-24 -2.5081405493192423e-22 -9.087640806269791e-24 -1.5803851931365908e-21 -9.483626951583216e-22 
2.230717415886552e-24 -9.755179685062263e-23 -3.4367536004716475e-24 -6.23404264379759e-22 -3.740513662130044e-22 
9.552142053626777e-25 -4.2044954431462435e-23 -1.4444717542774508e-24 -2.7203740960994484e-22 -1.6321197498265818e-22 
4.556963234938e-25 -2.0170719128825086e-23 -6.778701906577819e-25 -1.3190893487571478e-22 -7.913424421849359e-23 
2.43147513278703e-25 -1.0813287403757624e-23 -3.566366377511572e-25 -7.135194298594417e-23 -4.280248201285674e-23 
1.455895493515888e-25 -6.499393969039405e-24 -2.1108298914776737e-25 -4.31992221117285e-23 -2.5912886969333244e-23 
9.809495346987756e-26 -4.3918934378949515e-24 -1.4095187536443081e-25 -2.9354025068713197e-23 -1.760730914598791e-23 
7.453054036844999e-26 -3.343610067459615e-24 -1.0642219445514884e-25 -2.2433670665898637e-23 -1.3455956545485266e-23 
nan nan nan nan nan 
