-5.955781013107674e-08 -5.753532281906502e-08 -5.480131831641318e-08 -5.546512057245858e-08 -5.553351733830673e-08 
-0.02130884792702757 -0.020573187847212272 -0.019583206354237576 -0.019819500867902122 -0.019843945829724468 
-0.1562842299144719 -0.15063160067433462 -0.1431242989150858 -0.14483827302105362 -0.14502022053824115 
-0.47379785328232094 -0.45539140713461373 -0.4314958986268285 -0.4366511303107769 -0.43721368176661346 
-0.9879115307198957 -0.9459338792117716 -0.8932330801338104 -0.9040494865890127 -0.9052376405232632 
-1.674237320698872 -1.5955144416411833 -1.501133050037983 -1.5199933691037024 -1.5220001226530477 
-2.492895416995471 -2.362409982382434 -2.2151839867381176 -2.2448034707020925 -2.247696155445909 
-3.4042239250833237 -3.2055437274010434 -2.9981206306011514 -3.0417176097447056 -3.0454133972880872 
-4.375566159750124 -4.0911188727689956 -3.8220211936167896 -3.883292562037288 -3.887567857316313 
-5.38230184224558 -4.993705657886594 -4.66921662682412 -4.752046291929948 -4.7565290860385625 
-6.406796510903721 -5.895037558965658 -5.530808809724057 -5.638545747920515 -5.642852124006296 
-7.436579410746855 -6.782283907923786 -6.40445956196238 -6.539109067614385 -6.543068199028161 
-8.462707034836306 -7.646300066895974 -7.292278501794202 -7.4534853686012115 -7.457177597382752 
-9.478595783770793 -8.480484125113835 -8.199064091242576 -8.382823816782926 -8.387013156790259 
-10.478865345203639 -9.279631988563185 -9.130590204775553 -9.328268449344195 -9.334619609980026 
-11.458913889192962 -10.03942391760792 -10.092292233047825 -10.290098379566 -10.301298845440575 
-12.414268606053476 -10.755987712516678 -11.088410396048378 -11.266962947583252 -11.286877646080738 
-13.340198599722143 -11.425247092814608 -12.12074207972568 -12.255836818673046 -12.289687736550535 
-14.23160931544897 -12.043135630278078 -13.187964945029188 -13.252161943986 -13.306362392971899 
-15.08267203729269 -12.605176396436528 -14.285103597890314 -14.250726619574303 -14.332581173597758 
-15.886724341738756 -13.10640436025761 -15.402903112342976 -15.246443281960266 -15.363547440872708 
-16.63609787087464 -13.541263140838142 -16.527254391834838 -16.23592517446274 -16.395442105401315 
-17.322251846903335 -13.904065026272413 -17.639395214430778 -17.21913320071705 -17.42659250681095 
-17.935672758900367 -14.188627307661372 -18.715434172379364 -18.20082737558228 -18.459004598410743 
-18.46562776859855 -14.38863957847769 -19.726875001438163 -19.192089796210947 -19.499486398380384 
-18.900613737736712 -14.497645871499424 -20.640992162944805 -20.21046915358403 -20.56045329850805 
-19.228234683641713 -14.50952996377159 -21.422029048501376 -21.279953434907153 -21.660030582320733 
-19.43603338100689 -14.419314242281699 -22.033957465355982 -22.427823263104912 -22.820105144702435 
-19.51130823776906 -14.222720411924177 -22.442944902402914 -23.68043957694783 -24.063428257562684 
-19.4419502110663 -13.91712971734446 -22.622317457419843 -25.056292460487118 -25.4082856496241 
-19.217587346898323 -13.502429734772846 -22.55897703894165 -26.55664129690125 -26.86135766376798 
-18.830427165656893 -12.981243988846439 -22.25977500385092 -28.153582534859908 -28.40800052760837 
-18.27587249069574 -12.358990520831622 -21.756493779400184 -29.77497123493901 -30.00122749264483 
-17.554191546230534 -11.644615568273405 -21.109550586321365 -31.28066725262649 -31.54468790126293 
-16.67227056444152 -10.850997097085566 -20.404792414884653 -32.427672441255936 -32.8719959271957 
-15.643234114273293 -9.993922064334274 -19.742185498853164 -32.80779904566756 -33.71216473432776 
-14.487299117075356 -9.091750855864042 -19.22298820764689 -31.72496020218066 -33.62668102201305 
-13.23201008113355 -8.165160752178044 -18.93131594261027 -28.018425069530863 -31.92808073661943 
-11.910363313170373 -7.235300150465002 -18.921087097487934 -19.954469264752493 -27.588769060214968 
-10.558485760786919 -6.3228234372442005 -19.21030861399836 -6.176259736699257 -19.37725331524029 
-9.213983290846086 -5.446949269341521 -19.77611677564342 10.788730525725624 -7.0047247038504725 
-7.911855492353501 -4.623796682029158 -20.559431498056885 24.535462548033188 6.898251509381973 
-6.682657497945544 -3.866069721690397 -21.46821065921283 32.16607822652453 18.01853456935464 
-5.5510517613884 -3.1829325597796716 -22.378912747480953 34.89628901619593 24.51456246169516 
-4.533664085516429 -2.579208132468355 -23.14401155907874 34.521142194244604 27.11101801936438 
-3.639832106706278 -2.056224311612466 -23.593724456745132 32.28729922011727 27.069896921580114 
-2.8719423715523593 -1.6121269993980067 -23.55662386161403 28.989637914493297 25.395972298915343 
-2.2262909536813487 -1.2423339515131409 -22.88017105110473 25.155943203359474 22.78350600233847 
-1.694963359600822 -0.9405380909023338 -21.468265463939034 21.16048671427134 19.7096073586359 
-1.26679457709109 -0.6991086231216761 -19.337062447283074 17.27979835035816 16.513917495035827 
-0.9289252587693986 -0.5098634138324779 -16.630481081926163 13.711667891834253 13.432839659776683 
-0.6679523196984485 -0.3646122083588832 -13.617536559889755 10.585488625343082 10.626221619063962 
-0.4706045547447408 -0.2554468386482586 -10.61705058673213 7.96564155453809 8.188360495139317 
-0.3246576788611771 -0.1752103616536835 -7.90123190644102 5.859742875544558 6.157305754058064 
-0.21914241128075787 -0.11756295945127619 -5.636866533628262 4.228299428626393 4.52692082312935 
-0.14458142272198798 -0.0770878561024957 -3.8713201981879375 3.002573161028811 3.259191884562934 
-0.09317838924861319 -0.04936700009683438 -2.5698910600181675 2.102627164332826 2.2998435756653737 
-0.05859903996142802 -0.030844630946786737 -1.653609995413704 1.4518459922287252 1.5901670478939844 
-0.035922334953757545 -0.018782221672543526 -1.033118953202865 0.9862522787280227 1.0756866558124265 
-0.02145377340417673 -0.011140767153361925 -0.6276089931563787 0.6566433709115225 0.7103580650562054 
-0.012466646297179014 -0.006428718730306357 -0.3707235762110214 0.426696795077266 0.4567418200792858 
-0.007041174709444106 -0.0036051774142467122 -0.21287317114908272 0.2694921170495189 0.2851542091256734 
-0.0038632758418256164 -0.0019638060120592826 -0.11880488248121546 0.16494570688695545 0.1725416565467091 
-0.002056143914725809 -0.0010375397762181614 -0.06436571466399695 0.09759553472757307 0.10098862147711304 
-0.0010605694268514638 -0.0005311986260222599 -0.03382155567425894 0.05572441181927655 0.057093364396453496 
-0.0005298793548419198 -0.0002634058905674482 -0.017225391284483714 0.030683518461981772 0.031159087849845307 
-0.0002560112424257491 -0.00012629657830680235 -0.008488959676449553 0.016271962379918434 0.016393572852714308 
-0.00011950017823300136 -5.84993659152928e-05 -0.004043654077373793 0.008304064287842442 0.008307295510141753 
-5.385976375256653e-05 -2.616155026345517e-05 -0.0018604948970887345 0.004077622077526123 0.004053629275496649 
-2.340212975140084e-05 -1.1277906302594428e-05 -0.0008254847529862871 0.001924318543836466 0.001902262213331318 
-9.792037791648331e-06 -4.681483011981718e-06 -0.0003527725928908514 0.0008719412051966618 0.0008576071128599382 
-3.942944651332412e-06 -1.869976186354919e-06 -0.00014509858625424502 0.0003792312830471635 0.00037130231849316457 
-1.5258391617041708e-06 -7.177742807750905e-07 -5.73613511054127e-05 0.00015815618961648477 0.00015421160776935556 
-5.66721853451452e-07 -2.644075382181744e-07 -2.1765142512935385e-05 6.316340212029726e-05 6.135770907835913e-05 
-2.0187745756126425e-07 -9.340817820724237e-08 -7.920499749137535e-06 2.41429860991673e-05 2.3372988234398653e-05 
-6.888382625171227e-08 -3.1605531712017243e-08 -2.760932786390772e-06 8.824564826742444e-06 8.516365674114969e-06 
-2.247989454295384e-08 -1.0226927142659605e-08 -9.204446719737338e-07 3.0798133385216787e-06 2.9636940581958924e-06 
-7.01058002611164e-09 -3.1620741801987877e-09 -2.9321153522515594e-07 1.025368389125333e-06 9.841116298501206e-07 
-2.087194250194765e-09 -9.332714237513157e-10 -8.915920477603483e-08 3.2538777417416125e-07 3.1153427560532075e-07 
-5.922200575679401e-10 -2.624877403044739e-10 -2.5836777780366296e-08 9.828291886345398e-08 9.38861035359205e-08 
-1.5994643820083312e-10 -7.026307552168027e-11 -7.126138850776678e-09 2.822295068848583e-08 2.6903785483876834e-08 
-4.10769438316224e-11 -1.7882698592441202e-11 -1.868733241203857e-09 7.696372179322312e-09 7.3223584882069376e-09 
-1.0018971013757012e-11 -4.322108482230648e-12 -4.653481358846624e-10 1.9907572189945408e-09 1.8905835594967777e-09 
-2.318519680262239e-12 -9.910018308308415e-13 -1.0992820849760203e-10 4.879740657126913e-10 4.6263760596610833e-10 
-5.083164714113707e-13 -2.1524731292358562e-13 -2.4599312162394445e-11 1.1320267815751151e-10 1.0715497000343964e-10 
-1.0539377190591864e-13 -4.4208483043315573e-14 -5.205255800717598e-12 2.4811511081817603e-11 2.3451241186312623e-11 
-2.064630611612323e-14 -8.577457920665753e-15 -1.0405268429309811e-12 5.133145106328543e-12 4.844998176905323e-12 
-3.815643703016612e-15 -1.5698262646956788e-15 -1.9620210571524057e-13 1.0009530897685855e-12 9.435288193933323e-13 
-6.644560310889741e-16 -2.706825946003182e-16 -3.485497069874174e-14 1.837493518574266e-13 1.7299450329636609e-13 
-1.0887286601165539e-16 -4.391017539728159e-17 -5.825333896418905e-15 3.171190509739612e-14 2.982122853408895e-14 
-1.6762448422998308e-17 -6.692183754080857e-18 -9.147013600260584e-16 5.138445123796031e-15 4.826797405708581e-15 
-2.419783518931348e-18 -9.561418923837245e-19 -1.3465044050446688e-16 7.800982714576403e-16 7.320269957459813e-16 
-3.273652545407657e-19 -1.2800478939461903e-19 -1.8573286200113526e-17 1.109048887483715e-16 1.039686264058333e-16 
-4.149169553502947e-20 -1.6052622124381976e-20 -2.3997130087066345e-18 1.475887881110313e-17 1.3823028024196921e-17 
-4.908974742997623e-21 -1.878844806786063e-21 -2.8938200884091526e-19 1.8321531829866034e-18 1.7144738208612477e-18 
-5.419538882734099e-22 -2.051634051729628e-22 -3.255914495787655e-20 2.1210056050988375e-19 1.9831134773881677e-19 
-5.57277140956586e-23 -2.0862819098459417e-23 -3.4115325873360935e-21 2.2854249698537182e-20 2.1351536543094273e-20 
-5.3294177288533164e-24 -1.9727205386129274e-24 -3.3239763782332913e-22 2.2888169853149085e-21 2.136708111528778e-21 
-4.735269454531424e-25 -1.7327498735264133e-25 -3.008597870603838e-23 2.1283416409943683e-22 1.9854711241912136e-22 
nan nan nan nan nan 
